981
50
2.22490323234000
14.6331213255000
19.1234827127700
0.328616204040000
-9.52234269435000
5.32594642311000
14.5949301027900
13.0364331392700
7.72512657156000
1.18364457159000
5.61816804708000
14.7041078098500
14.4284742091800
1.02147338187000
-12.9778948484100
-0.0539082455400000
20.5419480183000
14.0968510929900
-5.34607647444000
-9.38640861450000
3.65599682334000
10.1281565760300
6.57988066494000
2.17080892053000
-1.54016317224000
-4.57593118218000
-6.74560758726000
2.93971905531000
10.4792304108600
0.843475630860000
-7.66332803511000
-4.07723381865000
-2.07246904641000
-13.1882998167000
-9.07023976029000
10.5836919800400
11.0479906570500
4.51024967115000
0.644729867190000
-6.01733969388000
-2.31310892520000
7.53029327133000
13.6167519100500
9.28075054905000
-12.3346299771900
-21.1897252442700
-7.22830689108000
5.34471218793000
14.7539515860000
11.1187197662400
-5.17023414720000
-5.92474924494000
-1.03475454246000
-8.23463220069000
-5.25021326235000
3.73764907323000
-0.221041833570000
-3.74504064336000
-0.404342674380000
-4.80110402637000
-13.4453207474100
0.593534312280000
21.0750018166800
1.80276743502000
-25.0700825653200
-1.35080755038000
22.6608285278700
1.32469478226000
-12.5271690813900
-4.50360333729000
-5.94822582081000
-6.32730767652000
-1.98704046645000
0.962523473220000
10.5069000063600
7.66094038902000
3.97804343715000
4.06503413208000
-15.2334424802700
-11.8205656312500
3.80442085785000
-9.31016834541000
-11.6044046356500
-0.899487885960000
-0.0141948934200000
3.97463406975000
15.3020155378500
14.3383732929900
1.24771553568000
0.548633795130000
-3.00983567715000
-4.92292557756000
3.92266453527000
-1.21863648843000
-5.22346067622000
-2.85199934004000
1.50674419080000
12.3645988797300
9.05052815451000
-5.13113322357000
-7.91572535586000
8.39585997252000
21.1308445451700
-0.516663054180000
-19.4432894289000
-7.13030642334000
2.11070560113000
2.00950831926000
-3.09037573791000
-10.9823249205000
-5.13084633993000
6.45494773491000
12.5142125435100
7.98396026274000
-6.91169306508000
-13.1901737621400
-1.34951145318000
5.39402036751000
-9.90519602418000
-18.5265481465800
-5.45388144858000
12.1309533347400
12.9453953288400
-5.20723842858000
-4.19272820433000
16.0846248863700
17.3959547698800
2.16431287587000
-6.01939022913000
-1.41077281365000
-1.92892638942000
0.361349594010000
18.0951236722800
13.3374077651700
-17.3443579565400
-27.8988228760500
-12.2838853781700
4.89017696247000
13.8540952168200
5.86819670409000
-4.21117975485000
5.17169944728000
8.16821545959000
-4.35177757737000
-10.8053554929300
-12.0940780744800
-2.10401142390000
8.67620361906000
-5.69500696161000
-6.93952505532000
12.4848992530800
7.61151957102000
-8.26057574631000
-9.53635801572000
-2.80912980681000
4.75291459881000
2.17921666932000
-10.6836493760100
1.22399421993000
22.3066411069500
10.9582541823600
-9.95174341470000
-17.5895772120000
-1.06914699963000
22.6148132906100
21.4068614814000
10.0060665055200
2.18424766896000
-8.06922553563000
-16.8404137243200
-9.96074268687000
4.76069779395000
5.48654484420000
-0.781891374240000
-1.35194669739000
-2.87557564437000
-17.2223591680800
-25.9739803111500
2.55385387890000
37.2651561201600
27.8143027020900
-10.5786094779000
-23.5913760804600
-8.24568277329000
1.26868048668000
4.40393592492000
-1.24531067304000
-8.21511437184000
0.445309666020000
6.05202131061000
-1.41284505843000
-1.28036381409000
10.0940927636700
10.0564150159800
-1.76266581291000
-0.221235777270000
14.2003792504800
2.29177735488000
-26.9422942742100
-18.5849142327000
13.9223321641800
23.5438874106300
-2.02543239195000
-24.1357520412900
-5.35169991960000
14.3340612290100
4.89664982610000
-7.86032187012000
-8.10717908166000
2.76823636074000
12.5364329390700
4.27242039660000
-5.91066056439000
5.65708674996000
9.31204526328000
-11.2417041850200
-15.5678170856400
4.00898338254000
18.3151493566200
10.6719320373300
-1.97307892350000
2.36294654067000
-4.11864233877000
-15.2049429783900
-0.249390477270000
8.22832263432000
-10.4275814868000
-27.9466619296500
-16.1870934853800
6.45122294658000
10.3680356697000
2.12613793776000
-2.36418578892000
8.79516446634000
18.7396366403700
8.85253189446000
-6.03630777033000
-11.6746160024700
-7.32443805351000
4.47838425036000
12.1166685228600
-6.38837768313000
-23.0118329667600
-1.16300793186000
15.3587793174300
-1.60881033456000
-8.53099618545000
7.80769480077000
12.8734926297300
6.81630281271000
-0.172895795640000
-6.88828156875000
-4.79798647704000
-5.94904409253000
0.606449785500000
9.82508291424000
-2.41729581438000
-9.88147032336000
-6.43533585759000
0.626018969700000
8.82564026139000
1.75154258745000
-8.06215652811000
-5.51071273077000
0.705745820700000
7.27899865344000
13.8197890189800
8.97663033684000
-5.56882215786000
-9.75801740841000
-0.558024133140000
8.50296516993000
9.62049242124000
0.895043661660000
-8.01638221464000
-7.57317005415000
-3.53289147669000
2.54471023296000
8.23416803073000
3.96963352035000
-4.64615441910000
-2.53087996743000
10.6071054089400
9.45101833398000
-3.21658102494000
0.696614152770000
4.97192494815000
3.84720964497000
6.38432631990000
-0.0151154540100000
1.14788658204000
6.38728248492000
-8.02326293883000
-9.26579951064000
1.39697632395000
-5.57737026813000
-14.6650083086700
-18.4589462495700
-0.948619171620000
25.8128140872600
15.4774604423700
-10.5617615092200
-18.9861161178600
-11.9110513152600
6.22184658606000
8.17467291171000
-9.32766337188000
-6.28303159530000
7.27400752164000
3.16707618429000
-3.34995883461000
-4.37339828763000
-0.464385181590000
6.50979902556000
5.05155735828000
1.68296587074000
4.92787299600000
2.62677755376000
-3.37625820855000
2.97688241565000
8.50190339439000
-2.09818515699000
-10.1955794699700
-3.71845394433000
7.26466930416000
10.6047693045900
-8.20812483513000
-27.1719563411700
-11.7977050154700
11.3849356001400
7.82505203598000
-6.07300821639000
-1.81550860416000
7.73543590056000
3.42526458348000
1.94079142746000
5.62540204899000
-0.139608268200000
-1.21477480155000
9.70410778947000
8.58534610662000
-6.49018531377000
-14.2025645457000
-4.95934339752000
9.86140545948000
8.22805936335000
0.697904569980000
0.156583737450000
0.438855647400000
2.86878205260000
-7.90321632075000
-14.1907376097000
1.82062185084000
5.56322451300000
1.79338088367000
-1.34963754111000
-3.17797302438000
9.83664117396000
-1.04047834392000
-25.7529380361300
-8.92906922016000
10.8897414268500
7.78555390545000
11.0311283657700
6.26253675912000
-8.25747430500000
-8.06743671156000
2.63717967555000
10.3142535807600
4.37450795559000
-4.74960800097000
1.57930146216000
8.34021824112000
0.854633210940000
-2.82803312745000
3.60838254627000
0.866521322100000
-4.62104214345000
-0.0162897502500000
0.343697764500000
-6.97425458409000
-11.9423619413100
-5.99011630623000
3.22184978955000
6.02328013938000
8.92847752020000
1.44728705610000
-6.71001647562000
3.88527029658000
6.46976239470000
-2.32845219684000
-2.01821654835000
-1.06248584286000
4.06850302656000
11.2945078834200
8.02956142971000
1.10622917241000
-12.4210221640200
-12.2750199634500
4.69646196300000
0.179916390810000
-5.20737899607000
4.75148557611000
12.3383527054200
7.27434046323000
-15.8196278370600
-18.2503125258300
-3.16692449226000
0.361999084680000
6.89578893612000
7.80397816455000
-1.70636874408000
-10.4732715814200
-5.90277244149000
11.0037418966800
16.1233144080300
0.776741418540000
-18.3644947357200
-10.2227422514400
7.33440385593000
-4.26866744376000
-24.0009112172700
-9.61257081681000
27.3331634727600
23.6637433517400
-7.82415928674000
-9.26562929733000
9.47813740209000
18.0836860265100
-2.71795017321000
-21.1452493137300
-4.88934276912000
4.34789667270000
-1.70377598070000
0.364400798310000
-0.474409186740000
-3.24551442312000
0.0252208527300000
7.22121196554000
14.1142215324600
5.85917580087000
-11.1175783236900
-12.5396164606500
-2.40430561839000
-0.667422535770000
-8.48538942678000
3.95869884309000
23.9197819581000
6.63388997310000
-10.7472060410400
-5.33934457776000
0.801691319070000
13.3522565343300
5.76415125549000
-10.6819196277600
-4.82332147893000
-13.2662293776000
-18.7489663623900
4.94771956776000
23.9324493658500
17.7702100173000
-7.54808714964000
-16.4139840900000
-2.18282541516000
9.36187707123000
15.1307505271800
11.5334306296200
-0.683520628050000
-6.06962934828000
-5.51825498250000
-4.69802712888000
3.56058698040000
3.44393857575000
-7.95528533844000
-4.00375788003000
5.23992703590000
6.94049903136000
12.3812088872400
8.21604063204000
-19.6533046655100
-35.2969615858500
-7.18226572599000
15.6152535858900
-1.51366960935000
-13.5015954788700
0.661290187050000
19.1817268213500
13.9216373513100
-6.00928554654000
1.52428794354000
16.8827150623500
-2.26735605639000
-27.9433288742400
-14.0890001303700
15.6753030287700
12.4267262277600
-11.5144359680700
-10.8785981693700
13.1927275111500
20.3627417047200
-4.91330769660000
-27.1076550186600
-4.58241083433000
19.9618883296200
5.77067209002000
-4.37719724937000
-3.58459732818000
-3.40419571515000
-1.02827439981000
-4.07249077194000
0.732666501180000
0.320875231140000
-6.53184614709000
3.98019116007000
10.1075604516000
5.97318147000000
0.367394584680000
-6.16201469955000
-5.37673336209000
-6.27566971023000
-5.51544510420000
1.58131626939000
5.68416007404000
3.62968057620000
-8.84379063510000
-8.97560349471000
17.8889044838400
26.0407004951700
-2.59865683560000
-9.62358306174000
21.4938417973500
21.5291332625400
-19.4982441365700
-32.4110948787000
-7.50985850178000
7.11618263280000
-4.51354807764000
-2.20302921807000
27.2757848318100
30.9581631191700
-6.30160168005000
-37.4476015387800
-21.9940925645700
6.77941952787000
-3.67107389082000
-13.9869541559700
3.30961671054000
-1.06706671065000
-30.8938727936700
-32.7450637228500
16.2987536031300
70.5348932526900
53.8999519894200
-9.00877465593000
-21.2006108126700
-6.76023757380000
-28.0573854376500
-38.1882366637200
12.0218052342600
67.5462234059100
41.4759816162900
-22.9521208897800
-30.2748649426800
-2.36758888773000
3.40575278778000
-9.43896001932000
6.45262562943000
41.1813435048300
14.0513755136400
-58.6084470848100
-56.4962400729900
22.3172862224400
40.1819350790700
-13.6327314190500
-10.6430150807100
59.6982092795100
73.8850340922300
-12.2141748510900
-91.5393312684900
-79.4488912815600
-13.1629071222000
28.9277777857500
22.0752590036400
18.7020066771900
24.6274660974600
-4.10468036418000
-22.7908011393900
6.29366189769000
13.6789412572800
-23.4729139539600
-36.8104714589700
3.72268434987000
64.5199455016800
57.0666385695600
-38.8457054731800
-93.9294170368200
-28.9074047505300
86.0299278686100
104.446168951500
-11.2872797282700
-107.946964805940
-86.8291171569900
-2.92904681517000
74.1190200736500
89.1588815198100
25.7140708063200
-37.6066847072700
-33.1514226661500
2.38390421265000
10.5059600710200
-5.97487102668000
-24.8610978790200
-33.8944187245500
7.86232809360000
67.8355366101300
46.9762788738600
-35.2888364141100
-91.9596048335100
-80.1493331688000
-5.00730202521000
72.1547469298800
74.4346851353100
11.5872221852100
-34.6495135148100
-57.7983028222800
-75.1028661116100
-26.3915430886800
61.5913567938900
65.8008852118200
-4.10692112514000
-38.1628077408900
-13.7206674546300
9.98975689983000
11.7696103232400
9.58765789998000
55.9897886696400
114.156975960540
-3.57892351848000
-156.515100647040
-39.2654084395500
172.779066234180
134.510427251910
-90.5432459900400
-175.901814383490
-80.5636546340400
30.7263013264800
51.4231225027200
-43.3148885223300
-51.7179845274300
80.8593878652300
125.275345725600
72.0106827438600
30.6952725024900
-17.4216028775400
-58.1379447894300
-23.2611561670500
29.9976631840800
-17.7334328864700
-87.7018162873500
-79.3570983169500
-61.5587720352300
-54.1972205640900
-0.873838012500000
45.7504994889900
49.0414007992500
120.221693490870
176.044752675810
49.6788387168600
-106.267102387560
-159.310674691740
-127.554035804730
4.71435088059000
139.211907981480
100.649038346100
-68.3280219186900
-109.793175404130
-11.0293961944500
31.2391452005100
71.1774707666400
171.508420196280
164.520951767820
28.0896913666800
-68.7849778499400
-87.9338845609200
-92.6311045033800
-117.204700437720
-130.304621454300
-36.2612108146500
95.3464268424600
67.2585366015900
-58.7087625457800
-89.1938913497100
-39.4201351047600
32.6583641200500
118.009766180970
97.3972449834300
-13.7093671488600
-19.7076253136400
11.6838331253100
-36.9998804668500
-66.8549339739900
-70.7538797343000
-53.4784026535200
54.0456835713300
164.871039403350
128.522273455800
6.92446592052000
-43.8403402377900
-53.7154355228400
-67.7236007136600
-51.7744754909100
-36.9820499776200
-12.7518978759300
26.0710918065000
16.4068494437700
27.2430211976100
36.4712090995800
-61.3743799300200
-55.5019986134700
54.8722386983700
32.0668331471100
1.95498011115000
5.47993886868000
-13.5955274845500
-2.59610950233000
-35.6455986068700
-23.3614330845300
82.8126784981800
63.1206648087300
-33.4787103018900
-2.79206804880000
64.7953845700500
86.1599520316800
62.3254429590300
-82.0325142136800
-165.464160018120
-20.2940973676800
108.149096922750
58.0974823359000
-45.1977494080500
-85.5310768804800
-28.9164081330900
53.0441817406200
2.57701589712000
-94.0000424346900
5.09052579786000
78.7546325097900
-70.0202118283200
-150.700466680290
-19.9299435263100
185.139689444640
165.426068043180
-60.8309566869600
-95.1307985789100
29.9683716620400
83.6408249151300
-14.6187059523300
-177.803938960200
-124.611466247910
106.934619707550
175.194889479270
-8.20555432083000
-140.659148322360
-33.0527074221900
122.259335683500
159.507708590790
106.340148128250
50.2442973486900
-13.7943357771600
-96.3111646583100
-126.401363767350
-58.0325631501600
35.1704501483400
-10.9459404054900
-87.6562511328900
-49.0008359685600
7.12129673295000
62.2180670252400
60.1988135795100
-3.27594733866000
-14.2063432792200
-22.1821915548600
-36.7538788638900
-35.8977105351000
-65.4893736943500
-72.2000545326000
21.5299522209600
144.944719681230
121.109128202610
-22.6283247801900
-115.866021294450
-59.0692661352000
99.3614405791500
100.014068389050
-27.7988857279200
-44.3818842183900
-9.77573387601000
26.5876457734800
71.1856908795600
63.1511437920300
49.8830026220100
12.9722878840500
-145.775366686800
-245.250000000000
-63.7315563267900
181.812695869080
186.717664006200
-11.7768034272600
-152.437965850530
-69.8776449033600
52.6226153843700
23.5454156909100
-16.2380775268800
13.5192953773800
-2.51127350523000
-18.5347610491500
17.3832060960900
26.0938687920300
37.2884329742400
23.7403572346800
-65.2159021490100
-51.5966489930700
81.5795060520600
126.605534804370
67.3640691480900
-42.5190703129200
-124.289204981490
-49.5416162014200
77.2933697549100
62.0282255729400
-65.1607245189000
-112.948314289920
-29.1209296912200
32.0346785373300
1.06865105508000
-24.2064695746800
-6.99775898112000
-15.9690370310100
-46.2209975072100
-34.5237801280200
35.0223574171500
112.883547149370
102.513771617310
17.8311527784000
3.41523801792000
27.1435431280500
-10.3284104211900
-31.4023944013200
-49.2045492611700
-49.2981030324900
30.3657215526000
49.4342588183400
-14.5771640064000
-63.2929334412600
-51.4871832742200
34.2472140966600
89.3124478091700
55.5350653080000
-10.6094045001600
-32.2913007111600
-9.19730549223000
-30.4297235131500
-50.3980237176300
-17.6544694202400
-18.3517287178500
-55.8563742392400
-48.1573328402700
44.7160929857100
113.482036090440
38.9832355223100
-68.6375949409200
-82.1351352012300
-16.6028796228600
50.9400202825800
61.5088113729300
31.2151214718900
-1.20017343078000
-26.6124626602200
-13.1016922513200
46.2236506609500
47.5757518854600
20.6201965219200
31.9772623535100
4.52817984960000
-19.7086082069700
-38.9179041890400
-82.3093240431600
-31.3762262165100
56.5559316470700
48.1463369289900
-7.14509622459000
-21.8541887505000
12.7074576047400
18.6977282713200
-14.5798179253200
-12.6710365965300
2.13842824911000
-14.4102094606800
-29.6808267397500
-26.4669438670200
7.28914952151000
49.6447607977200
16.7035574063700
-42.3782537077800
-38.6267023047600
-5.24598863490000
22.0158253835100
16.8742423713600
-14.8211821647000
-17.4432763361700
-12.0056491943100
-37.2722720489100
-19.9508849921700
46.6889487317100
88.7817703165200
77.0133909226500
-22.9142348561700
-132.282931854600
-105.624886058190
35.0204399349300
130.924361504070
99.2572780972500
-20.5084745030700
-127.783441595250
-79.2840100499100
60.9745894488000
76.9444902208800
-3.77160386706000
-45.1314469730700
-33.0508396374300
12.8794440231900
52.5870475224300
27.1004155427700
0.0613605101400000
29.2790920244400
-2.89549726263000
-48.8421780145200
1.33937851779000
35.2421102363400
42.9291557220600
44.9055561153600
5.34352936680000
0.0416105766900000
8.17253188902000
-35.8586958609900
-79.8029712045000
-72.5054268539700
-13.6882674967500
9.67363411338000
-27.7999968477600
-25.2571665051000
15.4180758035700
33.2296092784800
20.3823521792100
-2.29056662430000
-13.0612786712100
-17.1965472236100
1.11923896878000
60.5703782676600
86.7772008123300
7.01925361326000
-79.9768435267800
-56.9739702586500
43.3879423464600
98.6883839053200
24.6505576112100
-89.6747913818100
-88.9175089517400
28.3752940168800
103.100397040890
36.9881031988800
-93.5288605613700
-143.532227145150
-34.4874695215500
120.903113670390
159.155158851270
67.7835442085400
-39.4725294809100
-65.0076110591400
-57.1005481196700
-65.4337932362100
-45.7392214126800
16.1755200692100
65.8949720389200
40.1900217661800
-28.1553442815600
-47.8492645052700
-8.59186407663000
28.7625763262700
33.5343233488500
13.3460655414300
8.68200086799000
56.2291587224100
52.3300352441400
-44.4438046048500
-88.0537380887700
-32.6494339789500
51.5918416712400
57.6084955480200
-26.5656379508100
-65.9115661346100
-45.4184991096300
-15.9731401616100
12.8827604408400
12.4877802636900
-16.4305789410600
-38.2084256437200
-1.28483437824000
22.2955233064200
-32.6884084909200
-14.2034711859000
77.5887367788000
80.5720019728500
-4.54059787734000
-73.6220772874800
-32.7797156152800
45.8580303913500
37.1440037581200
8.73306018162000
-2.22772448043000
-19.2963867684300
13.1579791079400
30.4323629917500
-0.159649470360000
28.3541246549100
54.5543196518700
6.47159845392000
-38.9950219233900
-56.8147309836300
-53.7741904283100
-17.2553655899700
38.9004499133100
58.3877961699300
11.1126756486600
-32.0835765706200
-25.1496122157000
-1.17880612263000
-12.2499813805200
-41.9734054946700
-21.0924854929800
15.2818395561000
30.9585375374400
19.6602014486700
-34.7101799968800
-39.2307299424000
22.0042655836200
30.1133386133100
4.96141753563000
14.8046772615300
15.3860357942100
-0.981041319720000
-10.8303167436300
-14.4879226620300
2.86945772616000
8.34861679794000
9.79583674383000
34.8344822910600
11.0142806325300
-45.2185130284200
-39.1422798039600
5.34881828115000
14.9106957169500
7.27058021175000
5.83498386999000
-17.5809959243100
-17.6314302820800
1.94552795052000
-8.45576690553000
2.47431520332000
5.98355600607000
-27.4414087883700
-12.6874261733400
36.9722240461800
31.7394205515900
-13.8924046304100
-10.6417310890500
33.6392078958000
49.5098524710900
23.4150258600900
-24.8574472248600
-22.1037959404800
34.7850032409000
27.7465638182400
-20.8607546932200
-27.7296079788000
-29.0349768354300
-21.0599466156900
11.6544396185100
22.8809020555800
-9.93204209961000
-47.9073656821500
-21.3100224293700
40.2128569740600
40.5987879461400
-22.2755058542700
-57.7877693249700
-10.7006652918900
48.1026117969900
20.3484318871500
-45.4009023240300
-25.5368116305900
44.6624487174600
46.7532841341600
-2.08170422946000
-11.6184124916100
12.1479601959900
12.4926211945800
-17.3593432907100
-17.9848193946300
28.8324939130200
10.6429711907700
-51.8686926536700
-43.6679010387900
10.4991450051600
46.9651075892100
17.7433379846100
-21.3746650614000
-8.94628375911000
7.43965377633000
9.75556829286000
-7.67170462734000
-26.6282745849900
-20.4338334013200
-24.9557498111700
-23.0329545344100
13.1294648420100
24.2345083401000
3.23184830832000
7.57541127618000
33.2428216513500
39.7269860089500
21.3807762891900
0.716621579100000
-0.980490135060000
13.0931829199800
0.171021752100000
-27.3530887697700
-3.24417618216000
32.2941216453300
19.2444615849600
-19.7558692161300
-34.9986344827500
5.04634398093000
18.3079309133700
-28.6114141638000
-28.8351098868600
2.87496539370000
0.931179915000000
-9.02988851292000
-3.16203935751000
15.4462802010300
15.7572972748800
-16.5027442244400
-36.7060271750100
-2.80725250635000
28.0216903498200
3.33242111502000
-25.1188954576200
-20.4147227169000
6.92087986521000
17.4504501144900
-3.75472853829000
-24.1122454370100
-16.5720589376400
24.0081652021500
48.5180682596100
13.1361014443500
-41.8746122514000
-36.7305279246900
17.1581607819000
24.9435759837600
-1.13903257635000
3.71797890489000
25.1936789319000
22.4658631752300
-15.9614933862600
-21.5956657125900
21.9528752805900
31.0962395068200
3.22683339708000
-18.8176855889700
-10.5408395162100
14.0952166390800
3.29601127059000
-11.6150309257500
-3.15844565040000
0.724365622530000
16.6174140207600
14.5136953076400
-26.8219875243600
-44.6635373822100
-30.6325185309000
-4.10942414664000
23.2336353990600
13.2850024410600
-13.1808124519200
-6.73642865475000
7.43794653222000
20.3257197261000
22.3211868059700
-8.65410978231000
-11.3335941705300
3.77941659030000
-9.37645780176000
-18.0328432784400
-14.0445191476800
-6.03513488673000
-6.03234661986000
2.34770793192000
29.5670749338000
27.2060025053400
-1.21075311357000
-14.1630406246800
-6.64653693681000
7.44106522932000
14.6446959286800
4.99097130840000
-21.2661494410500
-22.1919830433900
9.84772988784000
27.5422771115100
20.9972116362600
-0.784581894270000
-13.1454930184200
-4.96513033614000
2.78108625411000
8.69057058969000
6.13258377741000
0.667704278970000
3.93941615994000
3.70568943720000
4.76821995480000
4.84646016897000
7.98334991397000
13.6111954279500
-10.9795789543500
-19.8941715575100
17.3801348303400
14.8014778183200
-28.4467948002900
-33.6960058730400
-10.7583410385000
2.41053412473000
2.28393694782000
1.35431823546000
5.47361470503000
-7.26690844647000
-25.4707103692800
-13.7244578718600
8.62841448855000
4.24728469467000
-15.9137468213400
-11.2113903825000
17.9909222544900
26.0033208930000
3.79719393876000
-14.1919678916100
-8.84759954418000
18.8326322521200
33.0005211651900
13.4499760142400
3.89542658958000
10.6262430218100
11.4375636799200
3.68473068612000
-11.2433913480600
-13.0360882294800
-8.96577795567000
-5.84511302853000
5.69625681447000
-4.11987191436000
-22.8408591855600
-6.16352860818000
20.6100541591200
18.1728582201900
-17.0894460777300
-45.2112661263600
-16.3998224328600
30.6185680340100
28.5759294219900
-7.40662998093000
-25.7210428125600
-16.3621679544900
6.25075487064000
19.2889896752700
-2.16761180229000
-17.9289829837800
2.24087188167000
16.6867608126600
11.4648198624000
-0.344324603880000
-8.64162222129000
-4.75408502991000
6.59764770309000
13.0148140672800
5.47081754049000
-4.53206516877000
-4.83366753657000
1.94139274122000
6.91381575288000
1.03492107702000
-6.03998299854000
0.920680909650000
11.1272977479600
3.73415542812000
-8.07830691750000
2.80325664810000
15.7914921880800
-0.0784815597900000
-22.8677886165600
-17.4184692888600
6.50784214638000
4.19735571867000
-17.2557152968500
-9.01413881298000
14.5502615430900
17.8978005940500
-6.37557129711000
-34.1377256774700
-19.0553632597800
18.1093052731500
15.4642456170000
-20.0853575782200
-15.0077219830200
30.2263413570900
26.2464722593200
-11.3533520206500
-17.6363689205700
-7.76473048332000
10.2922057529100
16.9251647962500
-0.132374295720000
9.37732011057000
28.2485940704100
1.79089531416000
-34.0508241063900
-24.4799514891900
14.3091396009000
28.9634474264400
1.86339004677000
-17.1929634540300
-1.85734399662000
3.11767008129000
-6.71789389581000
-9.55427152698000
-0.684635495310000
18.0288146547900
14.5148883704100
-10.1513129436900
-16.2035388222300
-1.23227646939000
9.93682264014000
11.8460664123300
14.2444761030000
10.9055827423800
-0.677232094320000
-1.10432109798000
3.53672688258000
-8.71841041812000
-23.7187384471800
-15.7987489590000
5.52021363729000
3.75743445021000
-12.0925361092500
2.45342741778000
19.7607133843200
1.69992042507000
-19.7859597528600
-21.3971978367900
-4.84240257639000
12.7674693477900
9.20217564711000
-6.99487085826000
-17.8997221964700
-8.99994223224000
13.9531935020400
16.3150764425100
5.13220221927000
9.54266327550000
12.5053573704300
12.4207217720100
10.0394306294400
-2.39850827136000
-0.549026518860000
-1.38611326950000
-13.0187411770500
0.137654067150000
17.7166410113700
9.32466289509000
-17.4336031954800
-31.7157109391700
-10.2636076212900
17.8818777083700
19.2636297069300
-11.3472254304000
-31.0359735768600
-3.53209315851000
22.3536962630700
12.1228626353400
-10.8195321005100
-13.4827927695900
-0.0583766122500000
1.45993411791000
-1.07347421025000
-2.88364645890000
4.22341611120000
15.9778942936200
0.478567459350000
-13.7541144338100
-2.17047952035000
5.05382083920000
4.29098334948000
9.51867150786000
13.2909952425300
6.97943905137000
6.07776518349000
9.24159288438000
-5.97312722070000
-22.0907868504300
-12.0131390508300
9.41144227281000
7.05929444280000
-16.3587500229600
-30.4270653170700
-19.6708753467000
14.1213994309800
31.2514026385500
15.3009908931600
-7.10258562945000
-22.9308411064500
-17.1714054296700
8.62208632242000
31.7720650433400
17.2763225948700
-28.4478422532300
-37.1849581635300
1.59886588851000
34.2871906608900
21.3671581354800
-10.5171635520900
-12.2292841542300
2.59587399366000
11.7823279483800
7.25865231123000
-16.0442516646000
-24.0782363448300
-3.14840275119000
13.2337596215700
14.6072199040200
6.71732900658000
-9.63639340119000
-16.0350353265600
0.0643588974000000
10.0443273301800
1.80262441503000
-1.81300608297000
-5.53379528799000
-4.82034971601000
7.75672368885000
9.90082772928000
1.93738842675000
-4.01083166502000
1.20812927211000
13.1242901945400
5.54900251455000
-11.3795937608400
-11.1937833846900
4.78098009648000
20.4544175575500
6.75295736679000
-22.6841076186300
-10.6018767966600
25.3877966809200
12.6012084181200
-26.1510222346200
-17.8157529717300
12.7920002828400
5.33339192862000
-13.0382351283600
-2.72711959002000
4.26425779971000
0.744355959840000
8.56873430388000
9.38854022940000
-2.25171906354000
-13.7277058549500
-21.4079622811200
-8.56033173477000
21.4159337694000
30.3541320284100
7.46098568019000
-19.8946310382900
-9.47666300814000
25.2739000499400
10.3088325453300
-26.8987458497400
-6.28900111764000
33.9504180598800
24.6375460882800
-14.9649236017200
-29.4597984734100
-7.10073788652000
14.8938562731600
-1.09919028159000
-29.5036398833400
-15.6232059054300
15.5063231202600
7.54196907447000
-18.7127879162400
-15.7930617194100
3.58122506220000
5.14972830420000
-0.237042630270000
1.35748972017000
3.80794354056000
-1.13330392875000
-9.87766009974000
-1.44600273090000
10.0044521621100
6.35823020916000
4.10380346790000
6.53555586726000
10.8637527650400
9.99939427326000
0.732506009580000
1.09059862473000
5.94079771824000
6.80857306245000
5.15913072813000
-4.88644545429000
-11.0470296498300
-11.9028017331000
-2.98889989128000
15.8788513956600
13.3278393364200
-4.15130698026000
-19.8643290666300
-23.9613413069700
-1.98451474461000
14.0213926710900
-0.767627977590000
-13.2820930893600
-5.20094531358000
2.72930757318000
6.36780789855000
1.12585499955000
-2.14059376737000
13.1731153101000
11.1669874187400
-5.33319420807000
-0.0679219776900000
20.2100344966800
28.5516805048200
7.58254108608000
-11.6089005488400
-6.63346094256000
0.948271671990000
0.439293104730000
-10.4018442552900
-14.5918552956300
-3.73173244641000
-0.569875613760000
-5.05788806520000
-11.8148828650200
-15.4337715288900
-1.04403826539000
9.57568760064000
-0.0589759051500000
-5.78250181206000
1.35172852299000
10.0592969781600
6.21552004839000
-4.62550202451000
0.999479979900000
15.0374220032700
13.3108155234900
0.104551154100000
-4.58983956474000
-4.37039943930000
-6.05771216028000
0.113560079310000
7.15516471809000
0.0658231674300000
-8.00176285233000
-2.68499721582000
0.0865195598700000
-5.38688002167000
-12.3527478013200
-16.6023578191500
-8.25197356332000
-1.14968251836000
-3.04621423749000
2.29964410179000
0.952135536690000
-12.1126966991100
-12.9869694319500
0.0713278429200000
12.6223543440000
12.0262495174200
-1.15451459082000
-12.0026817674100
-4.84105029732000
10.7425632231000
12.6368498452500
2.90038777326000
-7.26628086153000
-6.52397086548000
6.62740061886000
15.3550680080400
6.90006426165000
-9.38309602275000
-11.7163693440900
-3.64302266670000
0.0456729761700000
0.531316476810000
-2.51416976058000
-5.04021831282000
-4.92028671699000
-3.97469645154000
7.90300812312000
13.8963330449100
-6.77517745824000
-16.9854961981500
-7.35620963184000
-2.09301303069000
1.32612441318000
-10.4350777296300
-13.6996042074300
8.00201049597000
7.71483126105000
-6.09847771338000
-8.86895296137000
-5.34014317062000
3.91178766834000
9.81102397761000
14.1726090240000
10.4492095447500
1.24029792981000
-0.409458618810000
-2.13663974877000
2.61883282716000