981
200
5.06
4.1
1.23
-1.64
-3.56
-5.47
-7.38
-8.34
-8.34
-8.34
-6.43
-2.6
1.23
3.14
3.14
3.14
4.1
4.1
5.06
5.06
5.06
6.02
6.97
8.89
8.89
6.97
3.14
0.27
-1.64
-1.64
-0.68
0.27
0.27
-0.68
-1.64
-1.64
-1.64
-1.64
-2.6
-3.56
-4.51
-5.47
-6.43
-5.47
-4.51
-3.56
-1.64
-0.68
-0.68
-0.68
-1.64
-2.6
-2.6
-0.68
1.23
4.1
5.06
4.1
2.19
0.27
-0.68
-1.64
-2.6
-4.51
-5.47
-5.47
-4.51
-3.56
-2.6
-0.68
1.23
4.1
6.97
7.93
7.93
6.02
5.06
5.06
5.06
4.1
2.19
0.27
-1.64
-3.56
-5.47
-6.43
-7.38
-6.43
-4.51
-2.6
-0.68
1.23
2.19
2.19
2.19
2.19
2.19
2.19
1.23
-0.68
-1.64
-2.6
-3.56
-2.6
-0.68
1.23
3.14
4.1
3.14
1.23
0.27
-1.64
-2.6
-2.6
-2.6
-2.6
-2.6
-2.6
-1.64
-1.64
-0.68
0.27
2.19
4.1
4.1
4.1
4.1
5.06
6.02
6.02
4.1
1.23
-1.64
-3.56
-4.51
-5.47
-5.47
-4.51
-4.51
-4.51
-4.51
-4.51
-2.6
0.27
4.1
6.97
6.97
6.02
4.1
4.1
4.1
4.1
2.19
1.23
-0.68
-0.68
-0.68
-1.64
-2.6
-4.51
-5.47
-5.47
-4.51
-3.56
-3.56
-4.51
-5.47
-3.56
-0.68
2.19
4.1
4.1
5.06
5.06
4.1
2.19
-1.64
-5.47
-7.38
-8.34
-6.43
-3.56
-1.64
0.27
2.19
4.1
5.06
5.06
5.06
4.1
3.14
2.19
2.19
3.14
5.06
5.06
3.14
0.27
-2.6
-5.47
-6.43
-5.47
-3.56
-1.64
0.27
1.23
3.14
4.1
5.06
5.06
4.1
2.19
-0.68
-2.6
-4.51
-6.43
-7.38
-6.43
-3.56
-1.64
-0.68
-0.68
0.27
1.23
4.1
5.06
5.06
3.14
0.27
-0.68
-0.68
-0.68
-0.68
-0.68
-0.68
-0.68
1.23
2.19
4.1
4.1
3.14
1.23
0.27
0.27
1.23
2.19
3.14
3.14
3.14
2.19
2.19
1.23
-0.68
-2.6
-3.56
-2.6
-1.64
0.27
1.23
2.19
1.23
1.23
0.27
-0.68
-1.64
-2.6
-3.56
-3.56
-3.56
-3.56
-4.51
-4.51
-4.51
-3.56
-2.6
-1.64
-0.68
-0.68
0.27
0.27
1.23
2.19
3.14
3.14
3.14
4.1
4.1
5.06
4.1
3.14
1.23
-1.64
-3.56
-4.51
-5.47
-6.43
-7.38
-7.38
-7.38
-7.38
-6.43
-5.47
-2.6
0.27
3.14
6.02
7.93
9.84
9.84
9.84
8.89
7.93
6.97
6.02
6.02
5.06
5.06
5.06
3.14
0.27
-4.51
-8.34
-8.34
-8.34
-5.47
-2.6
-1.64
0.27
0.27
0.27
-0.68
-1.64
-2.6
-4.51
-5.47
-4.51
-4.51
-3.56
-3.56
-2.6
-2.6
-0.68
2.19
3.14
4.1
4.1
4.1
4.1
3.14
1.23
-0.68
-2.6
-4.51
-3.56
-2.6
-0.68
0.27
1.23
2.19
2.19
1.23
1.23
2.19
5.06
6.97
6.02
3.14
-0.68
-2.6
-4.51
-4.51
-4.51
-5.47
-7.38
-8.34
-8.34
-6.43
-4.51
-1.64
2.19
4.1
4.1
2.19
0.27
-1.64
-2.6
-2.6
-1.64
0.27
2.19
4.1
5.06
4.1
2.19
1.23
1.23
1.23
1.23
1.23
2.19
3.14
4.1
4.1
2.19
0.27
-1.64
-2.6
-3.56
-3.56
-2.6
-1.64
-1.64
-1.64
-1.64
-3.56
-4.51
-4.51
-3.56
-1.64
0.27
2.19
3.14
4.1
5.06
6.02
6.97
6.97
6.02
4.1
3.14
1.23
0.27
-1.64
-2.6
-4.51
-5.47
-4.51
-2.6
0.27
1.23
1.23
0.27
0.27
-0.68
-1.64
-1.64
-1.64
-1.64
-1.64
-0.68
0.27
-0.68
-2.6
-5.47
-6.43
-4.51
-0.68
2.19
3.14
4.1
4.1
5.06
6.02
5.06
3.14
1.23
-0.68
-1.64
-1.64
-0.68
1.23
4.1
6.97
7.93
7.93
6.02
5.06
3.14
2.19
1.23
-0.68
-2.6
-2.6
-1.64
0.27
2.19
4.1
4.1
2.19
0.27
-0.68
-0.68
-0.68
-1.64
-3.56
-4.51
-4.51
-3.56
-2.6
-3.56
-4.51
-4.51
-3.56
-1.64
0.27
1.23
1.23
0.27
0.27
1.23
1.23
0.27
-0.68
-1.64
-1.64
-0.68
0.27
2.19
2.19
1.23
0.27
0.27
1.23
4.1
6.02
6.97
6.02
4.1
2.19
0.27
0.27
0.27
0.27
-0.68
-3.56
-7.38
-8.34
-8.34
-5.47
-3.56
-1.64
-0.68
-0.68
0.27
0.27
1.23
1.23
0.27
-0.68
-1.64
-3.56
-5.47
-6.43
-8.34
-8.34
-7.38
-3.56
-0.68
3.14
5.06
7.93
10.8
12.71
12.71
9.84
5.06
1.23
-0.68
-1.64
-2.6
-2.6
-4.51
-6.43
-6.43
-4.51
-2.6
-2.6
-2.6
-2.6
-1.64
-0.68
0.27
-0.68
-1.64
-1.64
-0.68
1.23
2.19
2.19
2.19
2.19
3.14
4.1
4.1
2.19
0.27
-0.68
-1.64
-1.64
-2.6
-2.6
-3.56
-2.6
-2.6
-1.64
-0.68
0.27
1.23
2.19
5.06
6.97
6.97
5.06
3.14
1.23
1.23
1.23
0.27
0.27
0.27
1.23
3.14
4.1
3.14
2.19
1.23
0.27
0.27
0.27
0.27
0.27
1.23
2.19
2.19
2.19
2.19
2.19
3.14
3.14
3.14
3.14
4.1
4.1
4.1
2.19
1.23
-0.68
-1.64
-1.64
-1.64
-1.64
-2.6
-4.51
-5.47
-5.47
-4.51
-3.56
-3.56
-4.51
-5.47
-5.47
-5.47
-6.43
-7.38
-8.34
-8.34
-8.34
-8.34
-5.47
-2.6
0.27
3.14
5.06
5.06
5.06
6.02
7.93
8.89
7.93
6.02
5.06
6.02
6.02
5.06
3.14
2.19
3.14
3.14
2.19
1.23
-0.68
-1.64
-2.6
-2.6
-4.51
-5.47
-6.43
-6.43
-4.51
-2.6
-0.68
-0.68
-0.68
-0.68
0.27
-0.68
-0.68
-1.64
-2.6
-1.64
0.27
1.23
4.1
6.02
6.97
6.02
3.14
-0.68
-4.51
-5.47
-5.47
-5.47
-4.51
-3.56
-3.56
-1.64
0.27
1.23
1.23
2.19
3.14
4.1
5.06
6.02
5.06
4.1
2.19
0.27
-0.68
-0.68
-0.68
0.27
0.27
0.27
-0.68
-2.6
-4.51
-5.47
-3.56
-2.6
-0.68
-0.68
-1.64
-2.6
-2.6
-1.64
0.27
2.19
4.1
4.1
4.1
2.19
0.27
0.27
0.27
0.27
1.23
1.23
0.27
1.23
3.14
4.1
4.1
2.19
-0.68
-2.6
-1.64
-0.68
0.27
0.27
0.27
-0.68
-1.64
-3.56
-4.51
-5.47
-4.51
-1.64
1.23
4.1
4.1
4.1
4.1
3.14
2.19
-0.68
-4.51
-7.38
-8.34
-8.34
-8.34
-8.34
-8.34
-8.34
-8.34
-6.43
-2.6
1.23
4.1
6.02
6.02
6.02
6.02
6.02
6.02
5.06
4.1
3.14
0.27
-1.64
-1.64
-1.64
-0.68
1.23
3.14
6.02
6.02
5.06
1.23
-1.64
-4.51
-5.47
-6.43
-6.43
-6.43
-4.51
-2.6
0.27
1.23
1.23
-0.68
-2.6
-3.56
-2.6
-1.64
1.23
3.14
5.06
6.02
5.06
5.06
4.1
3.14
1.23
0.27
-0.68
-0.68
-0.68
-2.6
-4.51
-5.47
-3.56
-1.64
2.19
4.1
4.1
4.1
3.14
1.23
-1.64
-4.51
-4.51
-2.6
-0.68
1.23
2.19
3.14
4.1
5.06
5.06
4.1
2.19
1.23
-0.68
-1.64
-1.64
-1.64
-1.64
-0.68
-0.68
-2.6
-5.47
-7.38
-6.43
-5.47
-5.47
-5.47
-5.47
-3.56
-1.64
-0.68
-0.68
-0.68
0.27
3.14
4.1
3.14
0.27
-1.64
-2.6
-2.6
-0.68
2.19
5.06
4.1
2.19
-0.68
-1.64
0.27
3.14
6.97
8.89
8.89
7.93
6.02
5.06
4.1
5.06
6.97
8.89
9.84
7.93
4.1
0.27
-2.6
-4.51
-5.47
-4.51
-3.56
-1.64
-1.64
-1.64
-1.64
-0.68
-0.68
-1.64
-1.64
-1.64
-1.64
-0.68
-0.68
-1.64
-4.51
-6.43
-5.47
-3.56
-0.68
0.27
-0.68
-1.64
-2.6
-2.6
-2.6
-2.6
-1.64
-1.64
-0.68
0.27
-0.68
-1.64
-2.6
-2.6
0.27
4.1
8.89
10.8
10.8
8.89
6.02
4.1
3.14
4.1
5.06
5.06
3.14
0.27
-2.6
-4.51
-4.51
-3.56
-1.64
-0.68
-0.68
-0.68
-1.64
-4.51
-7.38
-8.34
-8.34
-7.38
-6.43
-5.47
-5.47
-5.47
-5.47
-5.47
-3.56
-2.6
-2.6
-2.6
-2.6
-1.64
-0.68
0.27
1.23
0.27
0.27
1.23
2.19
3.14
3.14
2.19
1.23
0.27
1.23
3.14
4.1
4.1
4.1
4.1
3.14
3.14
3.14
3.14
3.14
2.19
-0.68
-2.6
-2.6
-0.68
-0.68
-1.64
-2.6
-0.68
3.14
6.97
8.89
8.89
6.02
2.19
-0.68
-1.64
-1.64
0.27
3.14
6.97
8.89
9.84
8.89
6.97
4.1
1.23
-0.68
-3.56
-5.47
-7.38
-8.34
-8.34
-6.43
-3.56
-1.64
-0.68
-0.68
1.23
3.14
4.1
2.19
-1.64
-4.51
-6.43
-5.47
-3.56
-2.6
-2.6
-3.56
-4.51
-4.51
-4.51
-5.47
-5.47
-6.43
-5.47
-4.51
-2.6
-0.68
0.27
1.23
3.14
6.97
9.84
11.76
12.71
13.67
14.63
14.63
13.67
12.71
11.76
9.84
7.93
6.02
4.1
2.19
-0.68
-4.51
-8.34
-12.17
-14.08
-12.17
-10.25
-8.34
-8.34
-6.43
-5.47
-5.47
-5.47
-4.51
-3.56
-3.56
-5.47
-8.34
-9.3
-9.3
-8.34
-7.38
-6.43
-5.47
-5.47
-4.51
-2.6
0.27
3.14
4.1
4.1
2.19
0.27
-0.68
-0.68
0.27
0.27
1.23
2.19
0.27
-2.6
-5.47
-7.38
-6.43
-3.56
0.27
4.1
6.02
6.97
7.93
6.97
4.1
2.19
0.27
-1.64
-2.6
-2.6
-2.6
-1.64
0.27
0.27
0.27
-0.68
-0.68
-1.64
-0.68
0.27
1.23
0.27
-0.68
-3.56
-6.43
-8.34
-8.34
-6.43
-3.56
-0.68
-0.68
-0.68
0.27
0.27
0.27
-0.68
-2.6
-5.47
-7.38
-7.38
-4.51
-0.68
1.23
0.27
-1.64
-2.6
-0.68
1.23
2.19
0.27
-2.6
-3.56
-2.6
-0.68
0.27
-1.64
-3.56
-4.51
-4.51
-2.6
-1.64
-0.68
-0.68
-0.68
1.23
4.1
6.97
8.89
8.89
6.02
4.1
2.19
1.23
0.27
0.27
1.23
2.19
2.19
0.27
-1.64
-3.56
-5.47
-5.47
-6.43
-6.43
-6.43
-6.43
-5.47
-4.51
-2.6
1.23
5.06
8.89
9.84
9.84
7.93
6.02
4.1
2.19
1.23
0.27
0.27
0.27
-0.68
-1.64
-1.64
-0.68
1.23
1.23
0.27
-1.64
-2.6
-3.56
-6.43
-8.34
-9.3
-9.3
-8.34
-8.34
-7.38
-5.47
-4.51
-2.6
0.27
4.1
6.97
7.93
7.93
7.93
8.89
7.93
6.97
4.1
2.19
2.19
4.1
4.1
3.14
1.23
0.27
2.19
4.1
4.1
4.1
4.1
6.02
8.89
11.76
13.67
15.59
15.59
14.63
12.71
11.76
9.84
7.93
6.02
7.93
11.76
16.54
18.46
16.54
13.67
9.84
7.93
6.97
6.97
6.97
7.93
8.89
7.93
6.02
4.1
4.1
5.06
6.97
6.97
6.97
8.89
13.67
19.41
23.24
22.28
16.54
7.93
2.19
0.27
1.23
-0.68
-3.56
-5.47
-3.56
4.1
11.76
15.59
14.63
10.8
6.97
5.06
6.02
7.93
6.02
2.19
-1.64
-3.56
-4.51
-8.34
-10.25
-12.17
-11.21
-8.34
-3.56
-0.68
-1.64
-3.56
-5.47
-5.47
-5.47
-5.47
-5.47
-6.43
-6.43
-4.51
-0.68
4.1
6.02
4.1
1.23
-2.6
-6.43
-8.34
-10.25
-8.34
-3.56
2.19
4.1
1.23
-2.6
-6.43
-8.34
-8.34
-9.3
-9.3
-10.25
-9.3
-8.34
-7.38
-3.56
1.23
3.14
1.23
-1.64
-1.64
0.27
3.14
7.93
12.71
14.63
15.59
16.54
17.5
20.37
23.24
24.2
25.16
24.2
22.28
20.37
20.37
23.24
26.11
27.07
26.11
25.16
25.16
25.16
23.24
19.41
16.54
15.59
16.54
16.54
13.67
8.89
4.1
1.23
0.27
2.19
3.14
2.19
-1.64
-6.43
-8.34
-8.34
-5.47
-3.56
-2.6
-0.68
3.14
6.97
10.8
12.71
11.76
9.84
7.93
7.93
7.93
7.93
7.93
7.93
7.93
7.93
6.02
1.23
-4.51
-8.34
-9.3
-8.34
-8.34
-8.34
-8.34
-8.34
-8.34
-9.3
-12.17
-14.08
-14.08
-12.17
-9.3
-6.43
-4.51
-4.51
-7.38
-8.34
-9.3
-7.38
-2.6
2.19
6.02
6.97
6.02
5.06
6.02
7.93
7.93
6.02
5.06
5.06
6.02
6.02
4.1
0.27
-1.64
0.27
4.1
9.84
14.63
18.46
22.28
25.16
28.98
30.9
29.94
28.03
25.16
23.24
22.28
21.33
20.37
17.5
14.63
10.8
6.97
4.1
1.23
0.27
2.19
6.02
10.8
12.71
10.8
5.06
-0.68
-4.51
-5.47
-3.56
-0.68
2.19
5.06
6.02
6.97
7.93
9.84
10.8
10.8
11.76
12.71
14.63
14.63
14.63
14.63
14.63
13.67
12.71
12.71
13.67
14.63
15.59
16.54
15.59
14.63
11.76
9.84
6.02
1.23
-0.68
0.27
3.14
6.97
7.93
7.93
6.02
4.1
1.23
-1.64
-3.56
-3.56
0.27
4.1
8.89
12.71
14.63
15.59
16.54
16.54
15.59
14.63
12.71
11.76
10.8
8.89
6.02
1.23
-6.43
-11.21
-15.04
-17.91
-20.78
-24.61
-31.31
-38.97
-45.66
-52.36
-59.06
-65.76
-70.55
-76.29
-79.16
-82.03
-84.9
-87.77
-88.73
-86.82
-82.03
-74.38
-66.72
-60.98
-57.15
-52.36
-45.66
-35.14
-24.61
-16
-11.21
-8.34
-5.47
-1.64
2.19
5.06
7.93
8.89
9.84
9.84
8.89
6.97
4.1
2.19
-0.68
-3.56
-6.43
-8.34
-5.47
0.27
6.02
11.76
16.54
21.33
27.07
32.81
38.55
45.25
51
56.74
62.48
67.27
70.14
70.14
66.31
63.44
60.57
58.65
57.69
53.87
49.08
41.43
31.86
23.24
14.63
5.06
-4.51
-11.21
-16.95
-20.78
-20.78
-20.78
-19.82
-19.82
-19.82
-16.95
-13.13
-9.3
-8.34
-11.21
-14.08
-14.08
-11.21
-8.34
-5.47
-4.51
-3.56
-0.68
3.14
6.97
10.8
15.59
21.33
28.03
33.77
38.55
40.47
41.43
42.38
42.38
43.34
43.34
43.34
43.34
44.3
47.17
47.17
44.3
36.64
27.07
15.59
6.02
-1.64
-7.38
-12.17
-17.91
-24.61
-33.22
-41.84
-51.41
-59.06
-64.81
-67.68
-67.68
-64.81
-61.93
-60.02
-60.02
-61.93
-63.85
-64.81
-63.85
-62.89
-62.89
-65.76
-69.59
-71.5
-71.5
-69.59
-66.72
-64.81
-64.81
-65.76
-65.76
-64.81
-62.89
-60.02
-56.19
-50.45
-42.79
-34.18
-25.57
-16.95
-8.34
-1.64
5.06
11.76
17.5
22.28
24.2
21.33
17.5
13.67
12.71
13.67
15.59
18.46
21.33
24.2
28.03
32.81
34.73
33.77
29.94
24.2
17.5
10.8
4.1
-0.68
-3.56
-4.51
-5.47
-6.43
-6.43
-5.47
-2.6
1.23
4.1
5.06
2.19
-2.6
-8.34
-16
-24.61
-33.22
-41.84
-48.54
-54.28
-58.11
-60.98
-62.89
-64.81
-64.81
-64.81
-62.89
-59.06
-54.28
-47.58
-38.97
-29.39
-19.82
-8.34
0.27
10.8
19.41
28.98
37.6
44.3
49.08
49.08
49.08
49.08
51.95
52.91
52.91
51
48.12
44.3
41.43
37.6
32.81
27.07
23.24
20.37
18.46
18.46
18.46
18.46
18.46
19.41
22.28
27.07
33.77
44.3
56.74
70.14
83.53
94.06
99.8
102.68
104.59
105.55
104.59
101.72
95.02
84.49
72.05
56.74
41.43
23.24
4.1
-13.13
-31.31
-46.62
-57.15
-61.93
-62.89
-60.98
-57.15
-53.32
-49.49
-44.71
-39.92
-34.18
-30.35
-28.44
-28.44
-29.39
-31.31
-32.27
-34.18
-36.09
-36.09
-31.31
-21.74
-10.25
2.19
13.67
23.24
30.9
38.55
46.21
55.78
65.35
73.01
77.79
78.75
76.84
73.01
69.18
64.39
61.52
59.61
57.69
53.87
50.04
46.21
42.38
40.47
40.47
39.51
37.6
36.64
37.6
40.47
44.3
45.25
43.34
40.47
35.68
29.94
25.16
22.28
18.46
14.63
10.8
7.93
6.97
8.89
11.76
13.67
15.59
15.59
12.71
7.93
3.14
-1.64
-7.38
-11.21
-16
-18.87
-16.95
-10.25
-0.68
11.76
22.28
30.9
39.51
51
63.44
76.84
86.41
92.15
93.11
88.32
79.71
69.18
61.52
57.69
57.69
57.69
54.82
50.04
44.3
38.55
32.81
27.07
19.41
9.84
-0.68
-8.34
-13.13
-16.95
-20.78
-22.7
-24.61
-26.52
-26.52
-24.61
-22.7
-21.74
-20.78
-19.82
-16
-11.21
-7.38
-4.51
-3.56
-2.6
-1.64
-2.6
-5.47
-7.38
-8.34
-8.34
-8.34
-8.34
-8.34
-8.34
-8.34
-8.34
-8.34
-8.34
-8.34
-12.17
-16.95
-20.78
-24.61
-27.48
-31.31
-34.18
-35.14
-36.09
-38.01
-39.92
-41.84
-44.71
-48.54
-53.32
-59.06
-63.85
-67.68
-72.46
-79.16
-87.77
-95.43
-102.13
-105
-101.17
-92.56
-81.07
-70.55
-62.89
-57.15
-47.58
-36.09
-20.78
-5.47
10.8
24.2
35.68
43.34
46.21
43.34
38.55
32.81
29.94
26.11
20.37
11.76
2.19
-5.47
-10.25
-16
-20.78
-22.7
-20.78
-16.95
-12.17
-9.3
-8.34
-9.3
-11.21
-12.17
-13.13
-10.25
-6.43
0.27
5.06
6.97
8.89
11.76
16.54
23.24
28.03
31.86
33.77
33.77
34.73
35.68
38.55
42.38
46.21
46.21
42.38
35.68
28.98
23.24
16.54
6.02
-7.38
-19.82
-31.31
-38.01
-41.84
-46.62
-49.49
-51.41
-52.36
-52.36
-52.36
-50.45
-43.75
-34.18
-23.65
-12.17
-2.6
8.89
22.28
35.68
49.08
59.61
69.18
75.88
77.79
73.96
67.27
60.57
56.74
53.87
51
47.17
42.38
36.64
29.94
21.33
11.76
5.06
0.27
-1.64
-2.6
-3.56
-4.51
-4.51
-3.56
-3.56
-1.64
-0.68
-0.68
-1.64
-2.6
-3.56
-5.47
-7.38
-8.34
-8.34
-8.34
-12.17
-18.87
-25.57
-33.22
-39.92
-44.71
-49.49
-54.28
-57.15
-56.19
-54.28
-51.41
-49.49
-46.62
-40.88
-32.27
-22.7
-13.13
-7.38
-1.64
1.23
3.14
6.02
10.8
16.54
19.41
18.46
14.63
9.84
6.02
1.23
-3.56
-8.34
-15.04
-20.78
-25.57
-29.39
-32.27
-32.27
-29.39
-26.52
-23.65
-24.61
-27.48
-31.31
-31.31
-29.39
-25.57
-23.65
-21.74
-20.78
-18.87
-17.91
-17.91
-17.91
-18.87
-19.82
-20.78
-23.65
-28.44
-35.14
-41.84
-44.71
-45.66
-45.66
-45.66
-46.62
-45.66
-43.75
-38.97
-34.18
-27.48
-20.78
-15.04
-10.25
-8.34
-8.34
-9.3
-8.34
-3.56
3.14
11.76
20.37
28.98
37.6
44.3
49.08
51.95
54.82
56.74
55.78
53.87
52.91
54.82
57.69
62.48
68.22
74.92
81.62
85.45
86.41
85.45
82.58
79.71
73.96
68.22
64.39
63.44
65.35
71.09
77.79
84.49
88.32
89.28
87.36
83.53
77.79
71.09
63.44
54.82
46.21
35.68
22.28
4.1
-16.95
-39.92
-61.93
-80.12
-96.39
-110.74
-119.36
-123.18
-123.18
-120.31
-118.4
-116.48
-115.53
-112.66
-106.91
-99.26
-89.69
-82.03
-78.2
-80.12
-86.82
-92.56
-92.56
-90.64
-86.82
-83.95
-81.07
-79.16
-77.25
-74.38
-69.59
-63.85
-60.98
-60.98
-64.81
-69.59
-74.38
-80.12
-84.9
-92.56
-99.26
-105.96
-111.7
-114.57
-116.48
-117.44
-119.36
-122.23
-124.14
-126.06
-126.06
-124.14
-120.31
-116.48
-111.7
-105.96
-97.34
-86.82
-75.33
-65.76
-56.19
-45.66
-32.27
-16.95
-0.68
17.5
36.64
52.91
67.27
73.01
72.05
64.39
54.82
50.04
51
53.87
56.74
56.74
55.78
54.82
55.78
56.74
57.69
56.74
56.74
57.69
61.52
68.22
75.88
83.53
90.23
96.93
101.72
106.5
109.37
111.29
111.29
110.33
108.42
105.55
100.76
94.06
87.36
82.58
80.66
78.75
77.79
75.88
74.92
75.88
76.84
76.84
76.84
74.92
73.01
72.05
72.05
72.05
73.01
73.96
73.96
73.01
69.18
63.44
56.74
50.04
42.38
34.73
29.94
26.11
25.16
25.16
26.11
27.07
28.03
29.94
31.86
35.68
39.51
45.25
51
55.78
59.61
62.48
63.44
63.44
59.61
53.87
49.08
45.25
43.34
44.3
47.17
51
54.82
59.61
62.48
63.44
61.52
59.61
58.65
56.74
55.78
53.87
51
47.17
42.38
38.55
34.73
32.81
28.98
23.24
14.63
5.06
-4.51
-12.17
-17.91
-20.78
-22.7
-22.7
-22.7
-22.7
-20.78
-16.95
-12.17
-8.34
-4.51
-3.56
-5.47
-9.3
-16
-24.61
-33.22
-42.79
-50.45
-56.19
-59.06
-58.11
-54.28
-50.45
-46.62
-42.79
-39.92
-38.01
-37.05
-36.09
-34.18
-33.22
-33.22
-33.22
-34.18
-36.09
-39.92
-45.66
-53.32
-60.02
-60.98
-56.19
-45.66
-35.14
-29.39
-30.35
-35.14
-41.84
-48.54
-54.28
-59.06
-63.85
-67.68
-66.72
-60.02
-49.49
-37.05
-25.57
-16.95
-11.21
-8.34
-6.43
-6.43
-7.38
-8.34
-10.25
-10.25
-9.3
-9.3
-10.25
-14.08
-17.91
-20.78
-23.65
-24.61
-22.7
-16.95
-8.34
3.14
11.76
15.59
17.5
21.33
28.03
34.73
41.43
45.25
49.08
51.95
53.87
54.82
55.78
56.74
55.78
53.87
52.91
50.04
48.12
46.21
43.34
39.51
35.68
34.73
33.77
33.77
33.77
31.86
28.98
23.24
14.63
3.14
-8.34
-22.7
-38.01
-54.28
-69.59
-82.99
-92.56
-95.43
-93.52
-87.77
-77.25
-63.85
-49.49
-34.18
-20.78
-8.34
0.27
12.71
28.98
50.04
72.05
91.19
101.72
103.63
100.76
95.98
92.15
89.28
87.36
83.53
77.79
70.14
60.57
51
42.38
35.68
30.9
27.07
25.16
24.2
22.28
19.41
13.67
6.97
1.23
-4.51
-10.25
-17.91
-26.52
-36.09
-47.58
-60.02
-72.46
-82.99
-91.6
-101.17
-112.66
-124.14
-133.71
-137.54
-137.54
-131.8
-126.06
-121.27
-120.31
-119.36
-115.53
-106.91
-94.47
-81.07
-65.76
-51.41
-38.97
-27.48
-16.95
-7.38
2.19
8.89
10.8
10.8
10.8
7.93
1.23
-9.3
-23.65
-38.97
-51.41
-60.02
-65.76
-69.59
-68.63
-61.93
-49.49
-33.22
-16
-1.64
9.84
14.63
15.59
11.76
6.02
-0.68
-7.38
-9.3
-10.25
-10.25
-12.17
-15.04
-17.91
-19.82
-19.82
-17.91
-12.17
-6.43
0.27
3.14
-0.68
-8.34
-18.87
-29.39
-36.09
-38.01
-38.97
-39.92
-40.88
-41.84
-43.75
-44.71
-45.66
-45.66
-41.84
-35.14
-27.48
-22.7
-21.74
-20.78
-20.78
-18.87
-16
-13.13
-11.21
-10.25
-8.34
-4.51
-3.56
-4.51
-7.38
-8.34
-9.3
-8.34
-6.43
-0.68
6.02
10.8
13.67
14.63
16.54
21.33
28.98
38.55
50.04
60.57
73.01
81.62
83.53
77.79
69.18
60.57
52.91
41.43
24.2
3.14
-15.04
-33.22
-46.62
-56.19
-60.02
-60.98
-59.06
-58.11
-58.11
-57.15
-54.28
-47.58
-40.88
-35.14
-31.31
-28.44
-25.57
-18.87
-11.21
-3.56
5.06
13.67
23.24
30.9
33.77
26.11
11.76
-4.51
-16.95
-30.35
-45.66
-60.98
-70.55
-77.25
-82.99
-87.77
-87.77
-82.03
-69.59
-55.23
-41.84
-31.31
-23.65
-16.95
-8.34
2.19
16.54
30.9
43.34
53.87
63.44
72.05
78.75
83.53
89.28
97.89
108.42
117.99
126.6
132.34
134.26
133.3
130.43
126.6
123.73
120.86
117.03
113.2
105.55
96.93
90.23
86.41
84.49
85.45
86.41
87.36
88.32
88.32
88.32
87.36
86.41
86.41
88.32
91.19
95.98
101.72
103.63
103.63
101.72
96.93
87.36
72.05
52.91
29.94
6.97
-10.25
-23.65
-30.35
-31.31
-26.52
-18.87
-10.25
-4.51
0.27
2.19
1.23
-4.51
-11.21
-19.82
-26.52
-29.39
-29.39
-28.44
-27.48
-26.52
-24.61
-16.95
-5.47
8.89
19.41
23.24
24.2
23.24
23.24
23.24
23.24
24.2
23.24
18.46
10.8
3.14
-4.51
-8.34
-12.17
-16
-18.87
-20.78
-21.74
-23.65
-23.65
-22.7
-20.78
-17.91
-16
-16.95
-18.87
-18.87
-15.04
-8.34
-3.56
-1.64
-4.51
-9.3
-16
-23.65
-32.27
-43.75
-55.23
-66.72
-78.2
-88.73
-95.43
-95.43
-89.69
-82.99
-79.16
-76.29
-73.42
-69.59
-62.89
-55.23
-44.71
-30.35
-14.08
1.23
18.46
35.68
51.95
64.39
69.18
62.48
45.25
27.07
15.59
12.71
9.84
0.27
-10.25
-18.87
-22.7
-24.61
-29.39
-38.97
-48.54
-58.11
-63.85
-62.89
-57.15
-52.36
-49.49
-45.66
-40.88
-31.31
-20.78
-10.25
-1.64
11.76
25.16
37.6
46.21
51.95
56.74
61.52
67.27
72.05
74.92
78.75
83.53
88.32
88.32
82.58
73.01
65.35
60.57
60.57
62.48
65.35
68.22
72.05
74.92
80.66
88.32
96.93
105.55
111.29
115.12
116.07
116.07
112.25
102.68
90.23
77.79
68.22
60.57
52.91
43.34
31.86
21.33
13.67
9.84
8.89
7.93
7.93
7.93
8.89
8.89
9.84
13.67
19.41
26.11
32.81
36.64
38.55
39.51
40.47
39.51
39.51
40.47
42.38
42.38
37.6
31.86
26.11
18.46
12.71
6.97
1.23
-2.6
-7.38
-12.17
-21.74
-32.27
-39.92
-40.88
-37.05
-32.27
-26.52
-19.82
-12.17
-8.34
-6.43
-7.38
-8.34
-5.47
1.23
8.89
11.76
10.8
7.93
5.06
5.06
6.02
6.97
6.97
7.93
6.02
-1.64
-11.21
-19.82
-20.78
-16
-12.17
-15.04
-21.74
-26.52
-28.44
-28.44
-28.44
-29.39
-31.31
-34.18
-34.18
-33.22
-32.27
-33.22
-37.05
-41.84
-46.62
-49.49
-50.45
-49.49
-45.66
-39.92
-36.09
-32.27
-30.35
-29.39
-28.44
-25.57
-19.82
-15.04
-12.17
-11.21
-10.25
-9.3
-9.3
-10.25
-11.21
-10.25
-11.21
-14.08
-18.87
-23.65
-26.52
-26.52
-26.52
-27.48
-29.39
-28.44
-22.7
-16
-10.25
-6.43
-2.6
1.23
5.06
9.84
15.59
20.37
21.33
20.37
16.54
12.71
7.93
3.14
0.27
2.19
6.97
8.89
4.1
-8.34
-18.87
-26.52
-27.48
-27.48
-28.44
-34.18
-39.92
-43.75
-43.75
-44.71
-48.54
-54.28
-60.02
-61.93
-59.06
-54.28
-48.54
-47.58
-48.54
-50.45
-51.41
-50.45
-48.54
-44.71
-38.97
-33.22
-29.39
-29.39
-31.31
-32.27
-32.27
-30.35
-30.35
-32.27
-33.22
-33.22
-32.27
-31.31
-31.31
-32.27
-32.27
-29.39
-21.74
-11.21
0.27
14.63
28.03
39.51
47.17
48.12
42.38
35.68
29.94
24.2
16.54
8.89
5.06
7.93
13.67
16.54
11.76
0.27
-11.21
-17.91
-12.17
-2.6
5.06
6.97
3.14
0.27
0.27
6.02
12.71
17.5
21.33
25.16
29.94
36.64
45.25
52.91
55.78
51
43.34
39.51
39.51
39.51
35.68
27.07
17.5
7.93
-0.68
-8.34
-18.87
-32.27
-44.71
-54.28
-57.15
-52.36
-39.92
-25.57
-14.08
-8.34
-8.34
-11.21
-14.08
-13.13
-8.34
-5.47
-5.47
-9.3
-17.91
-27.48
-33.22
-33.22
-26.52
-15.04
-3.56
5.06
10.8
17.5
25.16
35.68
44.3
52.91
63.44
75.88
86.41
94.06
94.06
90.23
87.36
85.45
83.53
79.71
73.96
70.14
70.14
69.18
64.39
54.82
44.3
32.81
23.24
17.5
13.67
9.84
3.14
-4.51
-9.3
-13.13
-16.95
-23.65
-29.39
-31.31
-26.52
-16.95
-8.34
-3.56
-2.6
-3.56
-3.56
-4.51
-6.43
-8.34
-8.34
-8.34
-8.34
-9.3
-11.21
-13.13
-16.95
-18.87
-19.82
-18.87
-17.91
-19.82
-24.61
-30.35
-37.05
-37.05
-29.39
-19.82
-11.21
-8.34
-7.38
-8.34
-8.34
-8.34
-7.38
-4.51
-2.6
-3.56
-6.43
-10.25
-16.95
-26.52
-36.09
-43.75
-48.54
-47.58
-43.75
-38.97
-37.05
-37.05
-38.97
-39.92
-38.97
-35.14
-27.48
-19.82
-12.17
-5.47
0.27
2.19
-4.51
-14.08
-25.57
-29.39
-27.48
-24.61
-22.7
-21.74
-18.87
-16
-14.08
-14.08
-17.91
-21.74
-24.61
-24.61
-20.78
-13.13
-7.38
-5.47
-8.34
-16.95
-30.35
-42.79
-51.41
-53.32
-50.45
-47.58
-48.54
-53.32
-59.06
-63.85
-66.72
-67.68
-62.89
-53.32
-43.75
-38.97
-37.05
-36.09
-30.35
-23.65
-16.95
-13.13
-13.13
-17.91
-23.65
-25.57
-20.78
-13.13
-9.3
-10.25
-15.04
-19.82
-21.74
-17.91
-11.21
-8.34
-10.25
-16.95
-23.65
-25.57
-23.65
-21.74
-20.78
-21.74
-21.74
-20.78
-18.87
-15.04
-12.17
-9.3
-8.34
-3.56
6.02
17.5
28.98
41.43
52.91
61.52
68.22
73.01
76.84
81.62
81.62
75.88
66.31
56.74
51.95
49.08
43.34
36.64
31.86
29.94
30.9
32.81
36.64
40.47
40.47
35.68
28.98
23.24
21.33
21.33
22.28
23.24
25.16
28.98
32.81
33.77
28.98
22.28
14.63
10.8
13.67
23.24
35.68
47.17
56.74
61.52
62.48
62.48
58.65
51
42.38
35.68
29.94
26.11
21.33
18.46
19.41
20.37
22.28
26.11
28.98
28.98
21.33
11.76
4.1
3.14
4.1
7.93
11.76
15.59
19.41
19.41
16.54
15.59
17.5
24.2
30.9
33.77
32.81
28.98
26.11
28.98
34.73
41.43
45.25
47.17
48.12
48.12
47.17
44.3
37.6
28.98
23.24
22.28
25.16
27.07
29.94
32.81
40.47
51.95
61.52
69.18
72.05
69.18
63.44
54.82
42.38
29.94
18.46
11.76
7.93
6.97
6.02
3.14
-2.6
-8.34
-12.17
-12.17
-8.34
-4.51
2.19
8.89
14.63
19.41
19.41
17.5
18.46
24.2
32.81
41.43
51
58.65
60.57
52.91
34.73
16.54
1.23
-9.3
-23.65
-41.84
-60.02
-72.46
-76.29
-73.42
-64.81
-53.32
-40.88
-30.35
-23.65
-18.87
-15.04
-12.17
-13.13
-15.04
-17.91
-24.61
-32.27
-39.92
-43.75
-44.71
-43.75
-40.88
-37.05
-32.27
-29.39
-26.52
-22.7
-18.87
-16.95
-21.74
-31.31
-42.79
-52.36
-55.23
-56.19
-59.06
-63.85
-63.85
-57.15
-48.54
-41.84
-39.92
-41.84
-46.62
-52.36
-55.23
-52.36
-45.66
-38.97
-32.27
-28.44
-23.65
-18.87
-10.25
-1.64
11.76
28.03
47.17
66.31
82.58
93.11
97.89
101.72
104.59
104.59
100.76
95.02
89.28
84.49
80.66
76.84
75.88
74.92
72.05
68.22
66.31
67.27
69.18
70.14
68.22
66.31
67.27
72.05
76.84
80.66
84.49
86.41
85.45
80.66
71.09
59.61
45.25
28.98
13.67
1.23
-7.38
-13.13
-17.91
-19.82
-18.87
-16
-16
-16.95
-15.04
-10.25
-7.38
-7.38
-14.08
-24.61
-29.39
-27.48
-22.7
-18.87
-18.87
-26.52
-45.66
-69.59
-91.6
-101.17
-100.22
-96.39
-94.47
-96.39
-98.3
-96.39
-91.6
-85.86
-82.99
-81.07
-79.16
-80.12
-81.07
-80.12
-79.16
-82.03
-91.6
-104.04
-115.53
-124.14
-134.67
-147.11
-158.59
-164.34
-162.42
-156.68
-151.89
-148.07
-143.28
-139.45
-134.67
-126.06
-111.7
-97.34
-84.9
-73.42
-62.89
-48.54
-30.35
-10.25
6.97
19.41
23.24
22.28
22.28
27.07
34.73
44.3
51.95
52.91
42.38
24.2
6.02
-6.43
-10.25
-10.25
-8.34
-5.47
-0.68
4.1
9.84
17.5
24.2
27.07
24.2
16.54
5.06
-6.43
-14.08
-20.78
-24.61
-28.44
-36.09
-44.71
-52.36
-57.15
-57.15
-53.32
-46.62
-36.09
-24.61
-12.17
-2.6
3.14
5.06
4.1
3.14
4.1
6.97
11.76
14.63
12.71
9.84
6.97
6.97
11.76
22.28
34.73
47.17
52.91
52.91
52.91
53.87
55.78
58.65
60.57
59.61
57.69
54.82
53.87
52.91
55.78
59.61
60.57
59.61
53.87
44.3
31.86
16.54
1.23
-9.3
-16.95
-21.74
-26.52
-31.31
-36.09
-41.84
-45.66
-48.54
-52.36
-60.02
-69.59
-78.2
-83.95
-85.86
-85.86
-86.82
-87.77
-83.95
-69.59
-43.75
-11.21
19.41
40.47
46.21
37.6
25.16
17.5
19.41
29.94
38.55
41.43
38.55
35.68
33.77
31.86
27.07
19.41
10.8
5.06
6.02
11.76
17.5
19.41
20.37
24.2
32.81
44.3
52.91
57.69
61.52
63.44
64.39
64.39
62.48
60.57
59.61
59.61
56.74
52.91
50.04
51
52.91
53.87
54.82
56.74
61.52
67.27
73.01
74.92
69.18
52.91
28.03
1.23
-21.74
-41.84
-56.19
-70.55
-85.86
-99.26
-105
-99.26
-82.03
-59.06
-37.05
-22.7
-16
-12.17
-4.51
12.71
35.68
56.74
70.14
75.88
75.88
70.14
59.61
51
46.21
47.17
51.95
57.69
63.44
71.09
79.71
87.36
89.28
83.53
73.01
57.69
44.3
29.94
13.67
-8.34
-35.14
-60.98
-79.16
-89.69
-94.47
-92.56
-84.9
-72.46
-60.02
-48.54
-38.01
-28.44
-16
0.27
22.28
44.3
63.44
82.58
100.76
114.16
122.77
123.73
120.86
113.2
100.76
84.49
66.31
46.21
23.24
4.1
-9.3
-23.65
-38.01
-48.54
-54.28
-54.28
-46.62
-33.22
-16.95
-4.51
6.02
18.46
37.6
57.69
73.01
76.84
61.52
32.81
1.23
-19.82
-30.35
-31.31
-27.48
-22.7
-15.04
-8.34
-8.34
-11.21
-20.78
-29.39
-35.14
-37.05
-37.05
-37.05
-40.88
-48.54
-55.23
-59.06
-57.15
-49.49
-37.05
-21.74
-8.34
5.06
16.54
28.03
39.51
49.08
52.91
51
46.21
40.47
32.81
24.2
14.63
0.27
-12.17
-26.52
-39.92
-50.45
-57.15
-56.19
-47.58
-36.09
-26.52
-20.78
-24.61
-30.35
-27.48
-12.17
7.93
28.98
42.38
48.12
46.21
40.47
32.81
24.2
13.67
5.06
3.14
6.02
13.67
19.41
19.41
17.5
17.5
24.2
35.68
48.12
58.65
68.22
73.01
64.39
45.25
20.37
-0.68
-16
-23.65
-24.61
-20.78
-15.04
-9.3
-3.56
5.06
13.67
22.28
28.03
29.94
28.98
30.9
42.38
60.57
81.62
99.8
110.33
112.25
106.5
95.02
79.71
61.52
46.21
34.73
28.98
26.11
24.2
23.24
18.46
11.76
1.23
-8.34
-16
-18.87
-16.95
-12.17
-7.38
-2.6
-2.6
-8.34
-22.7
-36.09
-42.79
-38.97
-27.48
-13.13
-1.64
5.06
8.89
8.89
8.89
7.93
6.97
5.06
4.1
3.14
3.14
2.19
1.23
3.14
6.02
8.89
9.84
8.89
4.1
-4.51
-9.3
-13.13
-15.04
-21.74
-34.18
-47.58
-53.32
-47.58
-34.18
-22.7
-18.87
-24.61
-40.88
-60.98
-82.03
-101.17
-114.57
-121.27
-125.1
-127.01
-127.01
-119.36
-103.09
-82.99
-64.81
-50.45
-41.84
-38.01
-34.18
-26.52
-14.08
1.23
19.41
34.73
41.43
40.47
33.77
27.07
23.24
25.16
30.9
35.68
33.77
25.16
12.71
4.1
-2.6
-8.34
-16.95
-26.52
-32.27
-31.31
-24.61
-18.87
-14.08
-11.21
-11.21
-11.21
-13.13
-13.13
-12.17
-11.21
-11.21
-12.17
-14.08
-17.91
-22.7
-28.44
-31.31
-33.22
-37.05
-38.97
-39.92
-41.84
-44.71
-50.45
-57.15
-59.06
-55.23
-43.75
-28.44
-16
-8.34
1.23
14.63
31.86
52.91
76.84
97.89
115.12
128.52
139.04
146.7
154.36
158.18
161.05
160.1
151.48
135.21
117.99
103.63
92.15
82.58
71.09
55.78
40.47
27.07
18.46
8.89
-3.56
-14.08
-23.65
-31.31
-38.01
-45.66
-49.49
-48.54
-43.75
-38.01
-37.05
-41.84
-51.41
-61.93
-72.46
-81.07
-86.82
-89.69
-91.6
-93.52
-99.26
-107.87
-119.36
-126.06
-125.1
-112.66
-95.43
-81.07
-71.5
-63.85
-57.15
-48.54
-38.97
-26.52
-11.21
3.14
19.41
34.73
44.3
47.17
45.25
44.3
44.3
44.3
42.38
40.47
43.34
48.12
52.91
61.52
74.92
88.32
99.8
105.55
106.5
106.5
103.63
96.93
86.41
73.96
64.39
61.52
59.61
56.74
50.04
43.34
41.43
49.08
62.48
74.92
80.66
80.66
73.01
60.57
44.3
27.07
7.93
-9.3
-27.48
-46.62
-62.89
-78.2
-95.43
-109.79
-117.44
-117.44
-113.61
-105.96
-96.39
-85.86
-80.12
-79.16
-80.12
-82.03
-82.03
-82.03
-82.03
-82.99
-82.03
-79.16
-74.38
-72.46
-74.38
-81.07
-87.77
-94.47
-100.22
-105
-106.91
-103.09
-93.52
-80.12
-64.81
-46.62
-26.52
-5.47
20.37
44.3
66.31
81.62
90.23
96.93
105.55
114.16
119.9
117.99
113.2
105.55
94.06
73.96
51
33.77
27.07
26.11
26.11
28.03
28.98
29.94
28.03
25.16
21.33
19.41
18.46
19.41
23.24
30.9
39.51
47.17
54.82
59.61
59.61
53.87
46.21
39.51
33.77
31.86
31.86
28.03
20.37
13.67
13.67
19.41
29.94
39.51
48.12
55.78
63.44
73.01
84.49
92.15
94.06
89.28
82.58
79.71
84.49
92.15
99.8
105.55
106.5
100.76
91.19
78.75
60.57
37.6
9.84
-21.74
-59.06
-89.69
-103.09
-104.04
-93.52
-73.42
-53.32
-39.92
-35.14
-36.09
-36.09
-36.09
-36.09
-32.27
-20.78
-2.6
17.5
30.9
35.68
32.81
28.03
20.37
11.76
2.19
-8.34
-18.87
-30.35
-39.92
-48.54
-55.23
-60.98
-60.02
-53.32
-44.71
-38.01
-34.18
-32.27
-32.27
-34.18
-41.84
-52.36
-62.89
-70.55
-72.46
-69.59
-60.98
-49.49
-36.09
-19.82
-5.47
6.02
6.02
-2.6
-16
-30.35
-39.92
-43.75
-44.71
-48.54
-56.19
-66.72
-76.29
-84.9
-88.73
-85.86
-75.33
-63.85
-57.15
-57.15
-60.02
-59.06
-50.45
-38.01
-22.7
-10.25
-3.56
0.27
3.14
7.93
15.59
23.24
32.81
46.21
61.52
80.66
99.8
115.12
124.69
126.6
121.82
113.2
104.59
98.85
95.98
93.11
87.36
80.66
72.05
60.57
47.17
32.81
20.37
12.71
6.97
3.14
4.1
10.8
16.54
17.5
11.76
4.1
-0.68
0.27
3.14
7.93
13.67
23.24
35.68
44.3
42.38
28.98
10.8
-3.56
-8.34
-12.17
-16.95
-25.57
-38.01
-53.32
-69.59
-82.99
-89.69
-88.73
-81.07
-73.42
-67.68
-63.85
-60.98
-56.19
-49.49
-40.88
-31.31
-19.82
-8.34
1.23
10.8
15.59
13.67
9.84
5.06
0.27
-9.3
-25.57
-45.66
-64.81
-79.16
-89.69
-92.56
-87.77
-78.2
-69.59
-59.06
-45.66
-32.27
-23.65
-20.78
-21.74
-25.57
-29.39
-36.09
-45.66
-58.11
-67.68
-76.29
-84.9
-92.56
-95.43
-96.39
-96.39
-98.3
-99.26
-99.26
-99.26
-97.34
-93.52
-85.86
-75.33
-64.81
-56.19
-50.45
-43.75
-30.35
-13.13
4.1
21.33
34.73
44.3
50.04
52.91
53.87
53.87
55.78
56.74
57.69
54.82
52.91
51.95
55.78
65.35
73.96
75.88
73.01
68.22
62.48
58.65
58.65
64.39
73.96
81.62
82.58
73.96
55.78
35.68
18.46
8.89
5.06
2.19
-5.47
-13.13
-20.78
-24.61
-27.48
-31.31
-32.27
-27.48
-17.91
-8.34
-5.47
-6.43
-9.3
-13.13
-14.08
-14.08
-15.04
-18.87
-25.57
-30.35
-31.31
-27.48
-23.65
-21.74
-21.74
-18.87
-14.08
-7.38
0.27
8.89
17.5
24.2
27.07
28.03
25.16
20.37
11.76
3.14
-6.43
-14.08
-25.57
-38.01
-51.41
-62.89
-68.63
-67.68
-60.02
-51.41
-44.71
-41.84
-42.79
-44.71
-43.75
-37.05
-25.57
-12.17
-4.51
-0.68
-2.6
-8.34
-16.95
-25.57
-34.18
-44.71
-55.23
-64.81
-67.68
-60.02
-45.66
-26.52
-9.3
1.23
6.97
11.76
20.37
32.81
45.25
52.91
57.69
63.44
71.09
79.71
85.45
86.41
85.45
86.41
91.19
96.93
98.85
95.98
89.28
80.66
72.05
66.31
67.27
73.96
80.66
80.66
70.14
55.78
42.38
32.81
28.03
24.2
19.41
10.8
-5.47
-31.31
-65.76
-100.22
-127.97
-148.07
-158.59
-164.34
-165.29
-163.38
-156.68
-144.24
-129.88
-112.66
-92.56
-67.68
-40.88
-21.74
-13.13
-15.04
-18.87
-18.87
-15.04
-8.34
-2.6
4.1
11.76
19.41
28.98
36.64
37.6
28.98
19.41
14.63
14.63
19.41
24.2
28.98
33.77
37.6
39.51
40.47
42.38
42.38
42.38
41.43
41.43
44.3
50.04
56.74
61.52
61.52
57.69
53.87
51
48.12
46.21
43.34
41.43
39.51
36.64
28.98
20.37
19.41
29.94
47.17
67.27
82.58
89.28
87.36
80.66
73.96
71.09
72.05
74.92
77.79
77.79
76.84
76.84
78.75
83.53
89.28
93.11
94.06
93.11
91.19
92.15
95.98
101.72
107.46
107.46
99.8
86.41
72.05
60.57
54.82
55.78
59.61
64.39
66.31
66.31
65.35
65.35
69.18
74.92
80.66
82.58
78.75
72.05
63.44
54.82
48.12
46.21
49.08
54.82
61.52
68.22
74.92
82.58
86.41
84.49
73.96
56.74
34.73
8.89
-18.87
-49.49
-76.29
-98.3
-116.48
-129.88
-137.54
-141.37
-140.41
-135.63
-130.84
-126.06
-120.31
-113.61
-107.87
-103.09
-98.3
-90.64
-81.07
-71.5
-64.81
-60.98
-59.06
-54.28
-45.66
-35.14
-28.44
-28.44
-34.18
-42.79
-47.58
-44.71
-35.14
-20.78
-8.34
-1.64
-2.6
-8.34
-16
-19.82
-16
-6.43
7.93
19.41
21.33
13.67
0.27
-10.25
-19.82
-26.52
-34.18
-39.92
-41.84
-39.92
-31.31
-20.78
-9.3
1.23
15.59
31.86
51
69.18
87.36
100.76
102.68
95.98
82.58
64.39
42.38
18.46
-3.56
-18.87
-30.35
-40.88
-48.54
-56.19
-64.81
-71.5
-74.38
-70.55
-56.19
-29.39
3.14
34.73
54.82
61.52
60.57
58.65
59.61
61.52
63.44
63.44
63.44
65.35
69.18
72.05
69.18
62.48
58.65
58.65
59.61
58.65
54.82
51.95
51
52.91
53.87
52.91
51
47.17
44.3
36.64
27.07
15.59
5.06
-5.47
-13.13
-22.7
-31.31
-40.88
-50.45
-55.23
-56.19
-55.23
-55.23
-55.23
-57.15
-59.06
-61.93
-60.98
-55.23
-43.75
-28.44
-16
-8.34
-6.43
-7.38
-10.25
-13.13
-16.95
-19.82
-24.61
-32.27
-38.01
-38.01
-32.27
-31.31
-38.97
-52.36
-62.89
-64.81
-62.89
-59.06
-54.28
-47.58
-43.75
-44.71
-48.54
-54.28
-57.15
-60.02
-60.98
-63.85
-67.68
-71.5
-73.42
-72.46
-69.59
-65.76
-61.93
-60.02
-54.28
-42.79
-28.44
-14.08
-3.56
3.14
6.97
7.93
6.97
4.1
4.1
3.14
5.06
9.84
12.71
13.67
14.63
18.46
27.07
34.73
40.47
43.34
45.25
46.21
45.25
43.34
41.43
39.51
37.6
30.9
20.37
13.67
9.84
11.76
14.63
12.71
4.1
-9.3
-27.48
-43.75
-53.32
-57.15
-56.19
-54.28
-53.32
-50.45
-45.66
-41.84
-41.84
-46.62
-52.36
-55.23
-54.28
-50.45
-44.71
-37.05
-30.35
-24.61
-20.78
-16
-9.3
-6.43
-5.47
-4.51
-4.51
-2.6
-2.6
-7.38
-13.13
-21.74
-30.35
-37.05
-41.84
-45.66
-52.36
-62.89
-71.5
-71.5
-59.06
-44.71
-39.92
-46.62
-57.15
-65.76
-67.68
-60.98
-48.54
-38.01
-32.27
-29.39
-26.52
-20.78
-9.3
4.1
19.41
30.9
35.68
29.94
16.54
2.19
-6.43
-7.38
-5.47
-4.51
-7.38
-8.34
-7.38
1.23
7.93
6.02
-3.56
-14.08
-23.65
-30.35
-36.09
-39.92
-37.05
-29.39
-17.91
-8.34
-2.6
-1.64
-4.51
-7.38
-4.51
6.02
17.5
22.28
18.46
16.54
23.24
37.6
54.82
65.35
66.31
61.52
52.91
42.38
31.86
21.33
13.67
7.93
6.97
8.89
11.76
13.67
12.71
8.89
5.06
4.1
9.84
20.37
29.94
33.77
27.07
15.59
2.19
-8.34
-12.17
-13.13
-12.17
-10.25
-10.25
-9.3
-9.3
-9.3
-11.21
-12.17
-12.17
-10.25
-8.34
-6.43
-3.56
-1.64
0.27
2.19
6.02
9.84
14.63
22.28
28.98
31.86
30.9
28.03
23.24
16.54
6.02
-8.34
-21.74
-33.22
-38.01
-34.18
-23.65
-10.25
1.23
12.71
22.28
28.03
29.94
29.94
28.98
29.94
30.9
27.07
16.54
0.27
-16.95
-34.18
-48.54
-60.02
-71.5
-84.9
-97.34
-106.91
-110.74
-111.7
-108.83
-102.13
-94.47
-85.86
-79.16
-75.33
-73.42
-70.55
-66.72
-59.06
-49.49
-37.05
-26.52
-16
-8.34
-3.56
0.27
4.1
7.93
10.8
12.71
11.76
6.97
1.23
-3.56
-7.38
-10.25
-16.95
-24.61
-33.22
-41.84
-49.49
-54.28
-55.23
-53.32
-46.62
-37.05
-29.39
-25.57
-26.52
-27.48
-22.7
-12.17
3.14
20.37
35.68
44.3
46.21
41.43
32.81
26.11
20.37
15.59
13.67
11.76
6.97
2.19
-2.6
-2.6
-1.64
1.23
5.06
11.76
21.33
35.68
50.04
56.74
53.87
45.25
33.77
25.16
19.41
17.5
17.5
17.5
17.5
17.5
17.5
17.5
15.59
11.76
4.1
-2.6
-5.47
-4.51
0.27
6.97
12.71
15.59
17.5
17.5
19.41
22.28
23.24
22.28
19.41
13.67
6.02
-3.56
-9.3
-14.08
-16.95
-22.7
-32.27
-41.84
-49.49
-52.36
-52.36
-51.41
-51.41
-50.45
-48.54
-45.66
-43.75
-42.79
-41.84
-38.01
-31.31
-22.7
-16
-15.04
-17.91
-21.74
-23.65
-22.7
-18.87
-14.08
-12.17
-12.17
-11.21
-8.34
0.27
11.76
17.5
18.46
18.46
18.46
16.54
14.63
11.76
7.93
4.1
0.27
-3.56
-6.43
-8.34
-8.34
-4.51
1.23
5.06
6.97
8.89
12.71
18.46
25.16
29.94
30.9
28.98
27.07
24.2
21.33
19.41
18.46
18.46
15.59
8.89
2.19
-2.6
-2.6
0.27
5.06
7.93
6.97
4.1
2.19
5.06
11.76
20.37
24.2
25.16
23.24
18.46
11.76
3.14
-4.51
-8.34
-11.21
-13.13
-16
-19.82
-24.61
-29.39
-34.18
-36.09
-34.18
-28.44
-21.74
-15.04
-10.25
-7.38
-8.34
-11.21
-13.13
-12.17
-11.21
-15.04
-23.65
-34.18
-43.75
-49.49
-52.36
-52.36
-48.54
-39.92
-27.48
-13.13
-2.6
5.06
6.97
6.02
5.06
6.97
7.93
6.97
2.19
-2.6
-7.38
-9.3
-15.04
-22.7
-33.22
-41.84
-45.66
-44.71
-38.01
-28.44
-15.04
-0.68
20.37
40.47
55.78
64.39
65.35
60.57
55.78
52.91
56.74
62.48
66.31
59.61
44.3
26.11
15.59
14.63
20.37
28.98
34.73
36.64
33.77
30.9
30.9
32.81
36.64
40.47
43.34
45.25
45.25
46.21
48.12
50.04
51.95
51
50.04
50.04
50.04
48.12
46.21
45.25
49.08
52.91
52.91
50.04
40.47
29.94
20.37
13.67
10.8
8.89
7.93
4.1
-4.51
-16
-33.22
-50.45
-63.85
-69.59
-69.59
-62.89
-54.28
-44.71
-36.09
-24.61
-11.21
-0.68
7.93
12.71
15.59
16.54
18.46
21.33
24.2
26.11
28.03
26.11
21.33
14.63
5.06
-1.64
-8.34
-14.08
-25.57
-38.97
-51.41
-59.06
-60.02
-57.15
-53.32
-47.58
-43.75
-43.75
-47.58
-52.36
-56.19
-55.23
-47.58
-36.09
-23.65
-13.13
-9.3
-11.21
-16
-19.82
-17.91
-8.34
3.14
13.67
18.46
23.24
31.86
45.25
58.65
69.18
74.92
77.79
78.75
80.66
83.53
85.45
82.58
73.01
60.57
50.04
45.25
44.3
42.38
36.64
24.2
4.1
-16.95
-35.14
-46.62
-48.54
-44.71
-38.01
-33.22
-33.22
-34.18
-36.09
-37.05
-34.18
-29.39
-23.65
-17.91
-14.08
-15.04
-17.91
-19.82
-19.82
-16.95
-12.17
-7.38
-1.64
3.14
8.89
12.71
11.76
5.06
-6.43
-18.87
-33.22
-45.66
-56.19
-60.02
-57.15
-52.36
-50.45
-52.36
-54.28
-51.41
-43.75
-34.18
-27.48
-21.74
-14.08
-4.51
7.93
18.46
26.11
30.9
30.9
27.07
21.33
18.46
19.41
23.24
29.94
38.55
47.17
51
50.04
43.34
33.77
25.16
19.41
19.41
21.33
23.24
21.33
16.54
8.89
-0.68
-8.34
-16.95
-28.44
-42.79
-57.15
-68.63
-76.29
-82.03
-86.82
-89.69
-90.64
-90.64
-92.56
-92.56
-85.86
-75.33
-62.89
-54.28
-47.58
-40.88
-32.27
-19.82
-5.47
7.93
20.37
31.86
40.47
44.3
45.25
46.21
49.08
53.87
58.65
59.61
56.74
50.04
39.51
26.11
14.63
7.93
5.06
4.1
2.19
0.27
0.27
2.19
4.1
4.1
1.23
-0.68
-0.68
0.27
-0.68
-2.6
-3.56
-5.47
-7.38
-8.34
-8.34
-6.43
-3.56
-3.56
-6.43
-11.21
-21.74
-32.27
-38.97
-38.01
-30.35
-18.87
-8.34
0.27
7.93
10.8
8.89
4.1
-0.68
-0.68
4.1
11.76
16.54
18.46
21.33
26.11
32.81
37.6
39.51
39.51
39.51
42.38
47.17
52.91
53.87
52.91
51
51
52.91
53.87
51
42.38
31.86
21.33
13.67
8.89
6.97
8.89
11.76
9.84
4.1
-3.56
-5.47
-1.64
7.93
18.46
29.94
41.43
51
56.74
60.57
65.35
68.22
67.27
62.48
57.69
55.78
53.87
51
45.25
39.51
34.73
32.81
31.86
29.94
28.03
27.07
26.11
23.24
19.41
16.54
14.63
17.5
22.28
26.11
28.03
27.07
23.24
18.46
14.63
10.8
7.93
4.1
-1.64
-7.38
-11.21
-15.04
-18.87
-22.7
-25.57
-25.57
-24.61
-20.78
-15.04
-8.34
0.27
6.97
11.76
14.63
18.46
20.37
21.33
19.41
15.59
12.71
11.76
10.8
9.84
5.06
-0.68
-7.38
-11.21
-17.91
-25.57
-31.31
-37.05
-40.88
-43.75
-43.75
-39.92
-32.27
-25.57
-22.7
-24.61
-29.39
-33.22
-34.18
-34.18
-34.18
-34.18
-34.18
-32.27
-29.39
-23.65
-19.82
-18.87
-20.78
-21.74
-17.91
-14.08
-10.25
-11.21
-15.04
-19.82
-22.7
-22.7
-23.65
-26.52
-28.44
-31.31
-33.22
-32.27
-28.44
-21.74
-12.17
-3.56
6.02
14.63
18.46
18.46
15.59
12.71
12.71
15.59
19.41
20.37
19.41
16.54
10.8
5.06
-0.68
-3.56
-4.51
-1.64
5.06
15.59
28.03
39.51
50.04
55.78
57.69
53.87
46.21
37.6
28.98
20.37
13.67
7.93
3.14
-3.56
-11.21
-19.82
-22.7
-19.82
-14.08
-10.25
-9.3
-11.21
-12.17
-11.21
-9.3
-6.43
-0.68
4.1
6.97
8.89
12.71
19.41
26.11
28.98
28.03
22.28
14.63
6.02
-0.68
-4.51
-3.56
0.27
3.14
4.1
3.14
0.27
-3.56
-7.38
-7.38
-5.47
-1.64
5.06
12.71
19.41
23.24
23.24
20.37
15.59
12.71
9.84
7.93
6.97
6.02
7.93
8.89
7.93
6.02
2.19
-0.68
-1.64
0.27
3.14
6.02
6.02
4.1
-1.64
-8.34
-16.95
-26.52
-36.09
-46.62
-55.23
-60.98
-62.89
-59.06
-51.41
-39.92
-27.48
-16.95
-9.3
-3.56
1.23
5.06
3.14
-2.6
-7.38
-9.3
-8.34
-8.34
-8.34
-13.13
-24.61
-38.97
-52.36
-61.93
-64.81
-64.81
-62.89
-58.11
-52.36
-47.58
-43.75
-41.84
-38.97
-37.05
-36.09
-36.09
-34.18
-30.35
-23.65
-15.04
-7.38
0.27
8.89
15.59
21.33
26.11
28.98
28.98
28.03
28.03
29.94
31.86
30.9
28.98
26.11
23.24
18.46
13.67
9.84
6.97
3.14
-1.64
-7.38
-9.3
-9.3
-8.34
-6.43
-5.47
-5.47
-8.34
-11.21
-14.08
-14.08
-11.21
-5.47
6.02
20.37
31.86
38.55
40.47
39.51
37.6
35.68
35.68
35.68
37.6
42.38
48.12
52.91
57.69
59.61
57.69
53.87
50.04
44.3
38.55
31.86
27.07
25.16
26.11
28.03
28.98
28.98
26.11
22.28
17.5
13.67
10.8
8.89
6.02
3.14
-0.68
-4.51
-8.34
-12.17
-14.08
-12.17
-9.3
-7.38
-4.51
-2.6
0.27
5.06
10.8
19.41
27.07
34.73
40.47
46.21
51
53.87
56.74
58.65
61.52
64.39
67.27
66.31
63.44
59.61
54.82
49.08
40.47
27.07
9.84
-9.3
-27.48
-40.88
-47.58
-49.49
-50.45
-53.32
-58.11
-61.93
-65.76
-67.68
-69.59
-70.55
-69.59
-66.72
-61.93
-58.11
-54.28
-50.45
-49.49
-48.54
-47.58
-48.54
-48.54
-50.45
-53.32
-59.06
-64.81
-70.55
-76.29
-80.12
-82.03
-80.12
-76.29
-71.5
-67.68
-62.89
-59.06
-58.11
-59.06
-60.02
-59.06
-56.19
-49.49
-42.79
-36.09
-30.35
-26.52
-24.61
-25.57
-31.31
-39.92
-47.58
-51.41
-49.49
-42.79
-36.09
-31.31
-26.52
-19.82
-10.25
2.19
21.33
42.38
61.52
78.75
89.28
95.02
95.02
92.15
89.28
84.49
78.75
70.14
57.69
46.21
35.68
30.9
30.9
34.73
40.47
46.21
52.91
58.65
64.39
72.05
80.66
88.32
93.11
96.93
99.8
104.59
113.2
121.82
128.52
132.34
133.3
133.3
131.39
126.6
120.86
114.16
107.46
99.8
93.11
86.41
81.62
75.88
71.09
65.35
60.57
55.78
51
45.25
40.47
35.68
29.94
23.24
13.67
2.19
-10.25
-27.48
-41.84
-47.58
-41.84
-33.22
-24.61
-17.91
-9.3
-0.68
7.93
14.63
15.59
11.76
2.19
-8.34
-18.87
-26.52
-32.27
-36.09
-39.92
-45.66
-50.45
-53.32
-53.32
-52.36
-51.41
-49.49
-43.75
-36.09
-28.44
-19.82
-9.3
2.19
16.54
30.9
43.34
51
53.87
53.87
52.91
51.95
49.08
46.21
42.38
36.64
31.86
27.07
21.33
15.59
10.8
6.97
5.06
3.14
1.23
0.27
-0.68
-2.6
-5.47
-8.34
-9.3
-9.3
-9.3
-9.3
-11.21
-14.08
-15.04
-15.04
-14.08
-15.04
-17.91
-23.65
-28.44
-32.27
-33.22
-35.14
-37.05
-38.97
-38.97
-40.88
-46.62
-54.28
-63.85
-71.5
-78.2
-79.16
-74.38
-66.72
-57.15
-46.62
-37.05
-26.52
-14.08
-4.51
6.02
12.71
15.59
19.41
22.28
25.16
24.2
23.24
19.41
16.54
10.8
1.23
-10.25
-23.65
-36.09
-42.79
-43.75
-38.97
-31.31
-25.57
-22.7
-20.78
-18.87
-16
-12.17
-10.25
-8.34
-3.56
2.19
6.02
9.84
12.71
14.63
15.59
16.54
19.41
22.28
26.11
28.98
28.98
27.07
27.07
29.94
33.77
34.73
31.86
25.16
18.46
11.76
7.93
6.97
6.97
5.06
0.27
-8.34
-20.78
-29.39
-35.14
-37.05
-37.05
-37.05
-37.05
-38.01
-39.92
-41.84
-43.75
-45.66
-46.62
-46.62
-41.84
-34.18
-23.65
-16
-13.13
-12.17
-11.21
-8.34
-2.6
5.06
12.71
18.46
20.37
23.24
28.98
37.6
46.21
51.95
51.95
47.17
42.38
37.6
35.68
34.73
34.73
35.68
36.64
35.68
33.77
32.81
32.81
32.81
30.9
28.03
24.2
22.28
23.24
24.2
23.24
20.37
14.63
6.97
0.27
-4.51
-8.34
-10.25
-13.13
-16
-17.91
-19.82
-22.7
-25.57
-25.57
-21.74
-16.95
-12.17
-9.3
-9.3
-11.21
-13.13
-14.08
-14.08
-13.13
-13.13
-13.13
-11.21
-10.25
-10.25
-13.13
-18.87
-23.65
-28.44
-34.18
-39.92
-43.75
-43.75
-39.92
-33.22
-27.48
-21.74
-15.04
-8.34
-3.56
1.23
3.14
4.1
3.14
1.23
-1.64
-5.47
-8.34
-8.34
-11.21
-14.08
-15.04
-16
-15.04
-12.17
-8.34
-7.38
-6.43
-3.56
-0.68
4.1
6.97
7.93
6.97
6.02
2.19
-1.64
-4.51
-5.47
-4.51
-1.64
3.14
6.97
9.84
11.76
14.63
18.46
24.2
28.03
29.94
30.9
30.9
28.98
24.2
17.5
8.89
1.23
-5.47
-9.3
-14.08
-17.91
-21.74
-24.61
-24.61
-21.74
-16.95
-12.17
-8.34
-5.47
-2.6
0.27
2.19
5.06
7.93
9.84
10.8
10.8
11.76
12.71
12.71
11.76
10.8
9.84
12.71
17.5
19.41
19.41
18.46
16.54
14.63
11.76
8.89
6.02
6.02
8.89
12.71
14.63
15.59
17.5
18.46
20.37
20.37
18.46
16.54
15.59
17.5
22.28
27.07
28.98
28.98
26.11
23.24
20.37
17.5
13.67
10.8
8.89
9.84
10.8
12.71
15.59
18.46
20.37
19.41
18.46
17.5
17.5
16.54
13.67
10.8
9.84
8.89
7.93
5.06
-0.68
-7.38
-11.21
-13.13
-9.3
-6.43
-3.56
-3.56
-6.43
-8.34
-7.38
-2.6
4.1
8.89
10.8
9.84
6.97
5.06
1.23
-4.51
-10.25
-16.95
-22.7
-29.39
-35.14
-40.88
-42.79
-43.75
-43.75
-45.66
-48.54
-52.36
-57.15
-60.98
-64.81
-65.76
-66.72
-66.72
-66.72
-64.81
-60.98
-55.23
-47.58
-41.84
-37.05
-33.22
-28.44
-22.7
-15.04
-8.34
-2.6
0.27
2.19
4.1
6.97
12.71
19.41
24.2
26.11
24.2
19.41
14.63
7.93
1.23
-8.34
-15.04
-22.7
-26.52
-28.44
-31.31
-33.22
-31.31
-27.48
-24.61
-24.61
-28.44
-34.18
-37.05
-37.05
-38.01
-38.97
-38.97
-36.09
-29.39
-21.74
-15.04
-9.3
-7.38
-2.6
3.14
8.89
14.63
18.46
23.24
28.03
33.77
38.55
42.38
41.43
36.64
31.86
28.98
29.94
30.9
29.94
27.07
24.2
23.24
23.24
21.33
18.46
14.63
13.67
15.59
20.37
27.07
31.86
33.77
30.9
25.16
17.5
10.8
5.06
4.1
6.02
7.93
7.93
7.93
8.89
8.89
6.02
2.19
-3.56
-6.43
-9.3
-13.13
-16
-16.95
-14.08
-8.34
-3.56
1.23
6.02
11.76
19.41
27.07
33.77
36.64
34.73
29.94
26.11
24.2
25.16
26.11
27.07
28.03
27.07
27.07
27.07
26.11
24.2
20.37
16.54
12.71
9.84
5.06
0.27
-5.47
-11.21
-18.87
-26.52
-33.22
-36.09
-34.18
-30.35
-26.52
-22.7
-17.91
-11.21
-5.47
1.23
6.97
9.84
10.8
11.76
13.67
16.54
18.46
20.37
22.28
24.2
23.24
20.37
14.63
9.84
6.02
2.19
-2.6
-3.56
-0.68
3.14
5.06
2.19
-2.6
-7.38
-10.25
-13.13
-15.04
-16.95
-17.91
-19.82
-23.65
-27.48
-27.48
-24.61
-18.87
-12.17
-6.43
4.1
13.67
21.33
26.11
27.07
26.11
23.24
17.5
12.71
7.93
6.02
6.02
6.97
7.93
11.76
15.59
18.46
17.5
15.59
14.63
15.59
18.46
21.33
21.33
18.46
14.63
9.84
5.06
-1.64
-8.34
-13.13
-15.04
-12.17
-9.3
-8.34
-7.38
-7.38
-7.38
-6.43
-6.43
-6.43
-8.34
-9.3
-13.13
-16
-16.95
-16.95
-15.04
-11.21
-8.34
-5.47
-1.64
1.23
5.06
8.89
12.71
13.67
12.71
10.8
6.97
1.23
-4.51
-8.34
-8.34
-6.43
-1.64
2.19
4.1
6.02
7.93
7.93
6.97
6.02
6.02
6.97
6.02
4.1
3.14
3.14
3.14
2.19
1.23
-0.68
-2.6
-5.47
-8.34
-8.34
-9.3
-10.25
-13.13
-16
-18.87
-22.7
-25.57
-27.48
-27.48
-24.61
-21.74
-20.78
-20.78
-20.78
-18.87
-15.04
-8.34
-1.64
4.1
5.06
6.02
10.8
19.41
29.94
37.6
39.51
38.55
36.64
34.73
33.77
33.77
32.81
30.9
28.03
24.2
20.37
18.46
20.37
22.28
24.2
23.24
21.33
19.41
19.41
22.28
27.07
29.94
28.03
22.28
17.5
13.67
12.71
11.76
9.84
6.02
2.19
-2.6
-7.38
-10.25
-11.21
-11.21
-10.25
-10.25
-11.21
-13.13
-14.08
-12.17
-9.3
-6.43
-1.64
2.19
5.06
7.93
9.84
9.84
8.89
7.93
5.06
0.27
-4.51
-9.3
-14.08
-16
-16
-13.13
-11.21
-10.25
-12.17
-15.04
-16
-13.13
-8.34
-3.56
0.27
1.23
0.27
1.23
0.27
-1.64
-7.38
-13.13
-17.91
-20.78
-19.82
-16.95
-16
-16
-16.95
-16
-14.08
-12.17
-9.3
-8.34
-8.34
-8.34
-9.3
-13.13
-16
-19.82
-22.7
-25.57
-30.35
-35.14
-38.97
-40.88
-40.88
-38.01
-34.18
-30.35
-28.44
-29.39
-30.35
-30.35
-28.44
-25.57
-23.65
-21.74
-17.91
-13.13
-9.3
-8.34
-10.25
-15.04
-20.78
-24.61
-26.52
-26.52
-26.52
-26.52
-26.52
-24.61
-22.7
-20.78
-18.87
-16.95
-15.04
-13.13
-11.21
-11.21
-11.21
-9.3
-8.34
-6.43
-3.56
-1.64
-0.68
0.27
3.14
6.02
11.76
16.54
19.41
19.41
17.5
15.59
14.63
14.63
12.71
9.84
6.97
4.1
-0.68
-4.51
-8.34
-8.34
-5.47
0.27
4.1
5.06
4.1
4.1
4.1
4.1
3.14
1.23
-0.68
-0.68
-0.68
0.27
2.19
5.06
6.02
7.93
8.89
11.76
15.59
20.37
25.16
27.07
27.07
25.16
23.24
21.33
19.41
18.46
17.5
16.54
14.63
13.67
15.59
19.41
25.16
30.9
33.77
34.73
34.73
32.81
30.9
28.98
27.07
27.07
28.03
28.98
28.98
27.07
23.24
19.41
16.54
14.63
13.67
10.8
6.97
3.14
-0.68
-4.51
-8.34
-13.13
-16
-16
-13.13
-9.3
-7.38
-2.6
3.14
10.8
17.5
24.2
28.03
28.98
28.03
23.24
16.54
8.89
2.19
-5.47
-11.21
-16.95
-20.78
-23.65
-27.48
-30.35
-33.22
-34.18
-33.22
-32.27
-30.35
-25.57
-17.91
-8.34
0.27
7.93
11.76
12.71
9.84
6.02
1.23
-3.56
-8.34
-11.21
-13.13
-13.13
-13.13
-13.13
-11.21
-8.34
-5.47
0.27
6.97
14.63
19.41
23.24
27.07
30.9
32.81
31.86
27.07
19.41
12.71
8.89
7.93
6.97
3.14
-1.64
-7.38
-8.34
-7.38
-3.56
-0.68
2.19
3.14
0.27
-4.51
-8.34
-11.21
-12.17
-12.17
-14.08
-16
-19.82
-23.65
-26.52
-27.48
-26.52
-24.61
-22.7
-21.74
-22.7
-22.7
-20.78
-19.82
-17.91
-16
-14.08
-12.17
-11.21
-9.3
-8.34
-4.51
-0.68
0.27
-1.64
-3.56
-3.56
-3.56
-2.6
-3.56
-5.47
-5.47
-3.56
1.23
5.06
7.93
8.89
9.84
10.8
10.8
10.8
9.84
8.89
7.93
8.89
9.84
12.71
15.59
18.46
19.41
19.41
18.46
17.5
17.5
18.46
20.37
22.28
25.16
28.03
28.98
28.98
28.03
28.03
27.07
24.2
21.33
20.37
21.33
21.33
18.46
13.67
6.97
1.23
-4.51
-9.3
-16
-19.82
-21.74
-20.78
-17.91
-16
-13.13
-10.25
-8.34
-8.34
-10.25
-11.21
-10.25
-9.3
-8.34
-6.43
-5.47
-5.47
-5.47
-6.43
-8.34
-8.34
-9.3
-11.21
-13.13
-15.04
-15.04
-13.13
-9.3
-5.47
-0.68
5.06
9.84
13.67
15.59
16.54
15.59
13.67
10.8
5.06
-0.68
-5.47
-9.3
-13.13
-17.91
-20.78
-23.65
-25.57
-26.52
-27.48
-27.48
-24.61
-21.74
-18.87
-16.95
-14.08
-10.25
-7.38
-3.56
-2.6
-2.6
-3.56
-3.56
-2.6
-1.64
0.27
2.19
4.1
5.06
4.1
2.19
0.27
-0.68
0.27
2.19
6.02
8.89
12.71
16.54
19.41
20.37
19.41
15.59
10.8
6.02
4.1
4.1
5.06
6.02
6.02
4.1
3.14
0.27
-2.6
-5.47
-6.43
-6.43
-5.47
-3.56
-0.68
-0.68
-2.6
-5.47
-6.43
-4.51
-1.64
2.19
4.1
5.06
4.1
0.27
-2.6
-5.47
-5.47
-5.47
-5.47
-5.47
-7.38
-8.34
-8.34
-8.34
-4.51
2.19
9.84
14.63
17.5
16.54
12.71
5.06
-3.56
-9.3
-14.08
-16
-15.04
-12.17
-8.34
-5.47
1.23
8.89
15.59
19.41
20.37
20.37
19.41
19.41
18.46
16.54
14.63
12.71
11.76
11.76
11.76
9.84
5.06
0.27
-4.51
-8.34
-8.34
-10.25
-11.21
-11.21
-9.3
-8.34
-5.47
-2.6
-0.68
1.23
4.1
6.97
10.8
13.67
14.63
13.67
10.8
6.02
1.23
-2.6
-4.51
-4.51
-3.56
-0.68
3.14
7.93
10.8
12.71
12.71
11.76
9.84
7.93
6.97
6.02
4.1
1.23
-1.64
-3.56
-5.47
-6.43
-5.47
-2.6
-0.68
2.19
6.02
10.8
15.59
19.41
21.33
21.33
19.41
13.67
6.02
-0.68
-5.47
-8.34
-7.38
-6.43
-7.38
-8.34
-8.34
-8.34
-8.34
-8.34
-8.34
-9.3
-9.3
-9.3
-9.3
-9.3
-8.34
-8.34
-7.38
-5.47
-4.51
-4.51
-3.56
-2.6
0.27
2.19
6.02
9.84
13.67
14.63
14.63
11.76
6.97
2.19
-2.6
-5.47
-7.38
-8.34
-8.34
-6.43
-4.51
0.27
6.02
13.67
20.37
28.03
32.81
35.68
36.64
35.68
31.86
27.07
21.33
17.5
14.63
11.76
7.93
5.06
4.1
4.1
5.06
6.02
6.02
5.06
2.19
-0.68
-1.64
-1.64
0.27
4.1
7.93
11.76
15.59
19.41
22.28
23.24
22.28
21.33
20.37
21.33
23.24
24.2
25.16
23.24
19.41
15.59
10.8
6.97
1.23
-3.56
-9.3
-16
-21.74
-25.57
-26.52
-24.61
-20.78
-16.95
-15.04
-13.13
-11.21
-8.34
-6.43
-1.64
3.14
6.02
6.97
6.97
7.93
7.93
7.93
6.97
6.02
6.02
8.89
11.76
15.59
18.46
21.33
22.28
21.33
17.5
11.76
6.02
1.23
-2.6
-5.47
-8.34
-14.08
-21.74
-29.39
-35.14
-37.05
-36.09
-33.22
-33.22
-34.18
-37.05
-39.92
-42.79
-44.71
-46.62
-49.49
-52.36
-53.32
-53.32
-52.36
-50.45
-50.45
-50.45
-49.49
-49.49
-49.49
-49.49
-46.62
-42.79
-38.01
-34.18
-30.35
-26.52
-23.65
-20.78
-16.95
-13.13
-8.34
-4.51
1.23
6.02
8.89
10.8
9.84
7.93
4.1
1.23
-0.68
-1.64
-2.6
-5.47
-7.38
-8.34
-10.25
-11.21
-11.21
-10.25
-8.34
-2.6
3.14
7.93
10.8
10.8
8.89
5.06
1.23
-2.6
-7.38
-10.25
-14.08
-17.91
-20.78
-24.61
-28.44
-32.27
-36.09
-38.97
-39.92
-39.92
-39.92
-38.01
-36.09
-31.31
-24.61
-16
-8.34
-0.68
5.06
8.89
11.76
13.67
15.59
16.54
17.5
19.41
20.37
21.33
21.33
21.33
20.37
19.41
17.5
15.59
14.63
13.67
11.76
8.89
6.97
6.02
7.93
9.84
13.67
17.5
20.37
23.24
26.11
28.98
30.9
30.9
28.98
25.16
21.33
17.5
13.67
10.8
8.89
6.02
4.1
2.19
1.23
2.19
6.02
11.76
18.46
23.24
26.11
27.07
27.07
27.07
25.16
22.28
20.37
17.5
15.59
13.67
11.76
10.8
12.71
15.59
21.33
27.07
32.81
36.64
38.55
38.55
39.51
40.47
40.47
39.51
38.55
38.55
38.55
37.6
36.64
34.73
32.81
31.86
28.98
25.16
19.41
12.71
4.1
-2.6
-7.38
-9.3
-12.17
-15.04
-16.95
-16.95
-16
-14.08
-12.17
-8.34
-6.43
-3.56
-2.6
-2.6
-3.56
-3.56
0.27
5.06
6.97
7.93
6.97
7.93
9.84
11.76
13.67
12.71
10.8
6.02
-0.68
-8.34
-13.13
-16.95
-18.87
-19.82
-21.74
-24.61
-27.48
-30.35
-33.22
-34.18
-34.18
-36.09
-38.01
-37.05
-35.14
-31.31
-27.48
-23.65
-19.82
-17.91
-16
-14.08
-11.21
-8.34
-3.56
0.27
6.02
11.76
17.5
21.33
22.28
21.33
17.5
12.71
6.97
0.27
-6.43
-11.21
-16
-19.82
-23.65
-25.57
-27.48
-27.48
-27.48
-26.52
-25.57
-23.65
-20.78
-18.87
-17.91
-16
-16
-14.08
-11.21
-8.34
-4.51
-1.64
1.23
4.1
6.97
8.89
7.93
4.1
-0.68
-3.56
-4.51
-6.43
-8.34
-10.25
-11.21
-9.3
-7.38
-4.51
-3.56
-3.56
-1.64
2.19
7.93
13.67
19.41
23.24
27.07
30.9
36.64
41.43
47.17
51
52.91
53.87
53.87
52.91
50.04
46.21
42.38
37.6
32.81
27.07
20.37
12.71
3.14
-6.43
-14.08
-21.74
-28.44
-34.18
-37.05
-37.05
-33.22
-28.44
-21.74
-15.04
-10.25
-5.47
-1.64
3.14
6.02
7.93
9.84
9.84
11.76
15.59
18.46
19.41
18.46
15.59
12.71
9.84
6.97
4.1
0.27
-2.6
-6.43
-8.34
-11.21
-13.13
-15.04
-16.95
-18.87
-18.87
-16.95
-13.13
-10.25
-8.34
-5.47
-2.6
1.23
5.06
7.93
10.8
11.76
12.71
11.76
9.84
7.93
4.1
-1.64
-8.34
-15.04
-20.78
-23.65
-23.65
-21.74
-18.87
-15.04
-11.21
-8.34
-4.51
-1.64
0.27
0.27
-2.6
-3.56
-4.51
-2.6
-0.68
1.23
2.19
5.06
7.93
8.89
7.93
3.14
-0.68
-3.56
-4.51
-4.51
-3.56
-4.51
-5.47
-6.43
-8.34
-8.34
-6.43
-2.6
2.19
6.97
10.8
12.71
14.63
16.54
18.46
18.46
16.54
14.63
11.76
8.89
6.02
4.1
4.1
4.1
5.06
6.97
9.84
12.71
13.67
14.63
14.63
15.59
18.46
22.28
24.2
25.16
23.24
20.37
17.5
13.67
9.84
6.02
1.23
-3.56
-7.38
-8.34
-9.3
-11.21
-14.08
-17.91
-20.78
-22.7
-22.7
-20.78
-16.95
-13.13
-8.34
-5.47
-4.51
-4.51
-5.47
-7.38
-8.34
-9.3
-11.21
-14.08
-15.04
-16
-15.04
-13.13
-11.21
-9.3
-9.3
-10.25
-9.3
-8.34
-5.47
-2.6
-0.68
0.27
2.19
3.14
4.1
5.06
5.06
3.14
1.23
-0.68
-2.6
-3.56
-2.6
-1.64
1.23
3.14
4.1
3.14
2.19
0.27
-1.64
-1.64
-0.68
1.23
3.14
3.14
2.19
-0.68
-4.51
-8.34
-10.25
-13.13
-16
-17.91
-17.91
-16
-13.13
-8.34
-5.47
-4.51
-3.56
-3.56
-4.51
-4.51
-4.51
-3.56
-3.56
-3.56
-2.6
0.27
5.06
9.84
15.59
19.41
22.28
24.2
23.24
23.24
23.24
22.28
21.33
20.37
18.46
17.5
16.54
14.63
13.67
12.71
12.71
12.71
10.8
8.89
8.89
9.84
10.8
11.76
12.71
14.63
15.59
14.63
11.76
7.93
2.19
-3.56
-8.34
-12.17
-16
-18.87
-20.78
-20.78
-20.78
-19.82
-18.87
-16.95
-16
-16
-16
-15.04
-13.13
-10.25
-9.3
-11.21
-13.13
-15.04
-16.95
-16.95
-15.04
-12.17
-8.34
-5.47
-2.6
-0.68
0.27
1.23
3.14
4.1
5.06
5.06
4.1
3.14
2.19
3.14
5.06
7.93
11.76
15.59
19.41
21.33
23.24
24.2
25.16
25.16
24.2
23.24
21.33
19.41
18.46
16.54
14.63
11.76
10.8
11.76
15.59
20.37
23.24
24.2
20.37
15.59
8.89
3.14
0.27
-1.64
-1.64
-1.64
-1.64
-0.68
0.27
0.27
-1.64
-5.47
-7.38
-8.34
-7.38
-5.47
-2.6
-0.68
2.19
4.1
6.97
10.8
13.67
16.54
19.41
20.37
20.37
19.41
16.54
13.67
10.8
9.84
11.76
15.59
17.5
17.5
16.54
14.63
11.76
10.8
9.84
9.84
9.84
9.84
9.84
9.84
9.84
8.89
6.97
3.14
0.27
-1.64
-2.6
-3.56
-4.51
-5.47
-4.51
-2.6
-0.68
-1.64
-3.56
-4.51
-6.43
-7.38
-7.38
-7.38
-6.43
-3.56
-0.68
2.19
4.1
5.06
4.1
2.19
-0.68
-2.6
-3.56
-5.47
-6.43
-7.38
-7.38
-5.47
-3.56
-1.64
-0.68
-0.68
-1.64
-1.64
-1.64
-2.6
-4.51
-7.38
-8.34
-9.3
-10.25
-9.3
-9.3
-9.3
-10.25
-13.13
-14.08
-15.04
-14.08
-11.21
-8.34
-8.34
-7.38
-7.38
-8.34
-8.34
-9.3
-11.21
-12.17
-12.17
-11.21
-9.3
-9.3
-11.21
-13.13
-16
-16.95
-16
-13.13
-8.34
-4.51
0.27
4.1
6.97
8.89
11.76
14.63
16.54
17.5
16.54
15.59
14.63
13.67
12.71
9.84
6.97
5.06
4.1
3.14
1.23
-0.68
-2.6
-3.56
-3.56
-2.6
-3.56
-4.51
-5.47
-6.43
-7.38
-8.34
-8.34
-7.38
-5.47
-2.6
0.27
3.14
5.06
5.06
3.14
2.19
2.19
1.23
0.27
-1.64
-5.47
-8.34
-8.34
-8.34
-7.38
-5.47
-4.51
-4.51
-5.47
-7.38
-8.34
-12.17
-16
-20.78
-23.65
-24.61
-21.74
-17.91
-12.17
-8.34
-4.51
-0.68
3.14
6.97
11.76
14.63
14.63
13.67
10.8
7.93
5.06
3.14
3.14
4.1
6.02
7.93
8.89
9.84
8.89
8.89
8.89
10.8
12.71
12.71
10.8
8.89
6.02
4.1
3.14
2.19
1.23
-0.68
-3.56
-6.43
-7.38
-7.38
-5.47
-3.56
-1.64
-0.68
0.27
0.27
1.23
3.14
4.1
4.1
3.14
3.14
3.14
3.14
3.14
2.19
0.27
-1.64
-1.64
-1.64
-0.68
-1.64
-2.6
-3.56
-4.51
-4.51
-5.47
-6.43
-6.43
-5.47
-4.51
-3.56
-2.6
-1.64
-2.6
-3.56
-4.51
-5.47
-6.43
-8.34
-8.34
-8.34
-8.34
-6.43
-4.51
-2.6
-0.68
1.23
4.1
6.02
6.97
7.93
7.93
7.93
6.02
2.19
-1.64
-3.56
-4.51
-3.56
-1.64
0.27
2.19
6.02
8.89
11.76
13.67
12.71
10.8
7.93
3.14
-0.68
-4.51
-8.34
-9.3
-10.25
-10.25
-9.3
-8.34
-8.34
-9.3
-10.25
-10.25
-9.3
-8.34
-8.34
-8.34
-8.34
-8.34
-7.38
-6.43
-4.51
-2.6
0.27
3.14
6.02
8.89
10.8
11.76
10.8
10.8
9.84
10.8
12.71
15.59
18.46
21.33
22.28
22.28
20.37
18.46
15.59
12.71
10.8
10.8
9.84
7.93
5.06
3.14
3.14
4.1
6.02
8.89
11.76
13.67
14.63
15.59
14.63
11.76
8.89
6.02
3.14
3.14
4.1
7.93
11.76
14.63
15.59
15.59
15.59
14.63
13.67
11.76
7.93
3.14
-0.68
-3.56
-4.51
-3.56
-3.56
-4.51
-5.47
-6.43
-6.43
-7.38
-8.34
-9.3
-10.25
-9.3
-8.34
-4.51
0.27
6.02
9.84
13.67
16.54
16.54
16.54
17.5
17.5
17.5
17.5
15.59
13.67
11.76
8.89
4.1
-0.68
-5.47
-8.34
-11.21
-14.08
-16
-17.91
-19.82
-19.82
-16.95
-13.13
-8.34
-7.38
-6.43
-7.38
-7.38
-8.34
-8.34
-8.34
-8.34
-8.34
-8.34
-7.38
-7.38
-7.38
-8.34
-9.3
-9.3
-9.3
-8.34
-5.47
-2.6
0.27
2.19
4.1
6.02
7.93
10.8
12.71
14.63
15.59
15.59
15.59
14.63
13.67
13.67
13.67
13.67
13.67
13.67
12.71
12.71
12.71
13.67
14.63
14.63
14.63
13.67
11.76
8.89
6.02
4.1
1.23
-1.64
-6.43
-10.25
-13.13
-16
-17.91
-20.78
-23.65
-25.57
-27.48
-27.48
-25.57
-23.65
-21.74
-18.87
-16
-12.17
-8.34
-7.38
-3.56
-0.68
1.23
3.14
2.19
1.23
-0.68
-3.56
-5.47
-8.34
-9.3
-12.17
-13.13
-12.17
-10.25
-8.34
-4.51
-1.64
1.23
3.14
3.14
3.14
1.23
-0.68
-0.68
-0.68
-0.68
-1.64
-0.68
-0.68
0.27
-0.68
-0.68
-2.6
-3.56
-4.51
-6.43
-7.38
-8.34
-8.34
-8.34
-8.34
-6.43
-4.51
-3.56
-2.6
-1.64
0.27
2.19
5.06
6.02
6.02
4.1
3.14
3.14
3.14
2.19
0.27
-1.64
-2.6
-3.56
-2.6
-2.6
-2.6
-3.56
-5.47
-7.38
-8.34
-8.34
-8.34
-7.38
-6.43
-4.51
-1.64
0.27
1.23
1.23
0.27
-0.68
-1.64
-1.64
-1.64
-2.6
-2.6
-2.6
-1.64
0.27
3.14
5.06
6.97
8.89
8.89
9.84
10.8
10.8
11.76
11.76
12.71
13.67
13.67
13.67
13.67
12.71
12.71
11.76
11.76
11.76
10.8
9.84
9.84
11.76
15.59
18.46
21.33
23.24
24.2
24.2
23.24
22.28
20.37
18.46
17.5
14.63
10.8
6.97
4.1
1.23
-0.68
-3.56
-5.47
-7.38
-8.34
-8.34
-7.38
-6.43
-4.51
-2.6
0.27
3.14
6.02
6.97
6.02
4.1
3.14
3.14
4.1
5.06
6.02
6.02
4.1
2.19
0.27
-1.64
-3.56
-4.51
-5.47
-4.51
-3.56
-2.6
-1.64
-1.64
-3.56
-4.51
-5.47
-4.51
-2.6
-1.64
-2.6
-4.51
-6.43
-7.38
-6.43
-6.43
-5.47
-4.51
-3.56
-2.6
-1.64
-0.68
0.27
0.27
0.27
-0.68
-0.68
-1.64
-3.56
-4.51
-5.47
-5.47
-4.51
-2.6
-2.6
-3.56
-4.51
-6.43
-7.38
-7.38
-6.43
-4.51
-1.64
0.27
1.23
2.19
2.19
3.14
2.19
0.27
-1.64
-4.51
-5.47
-6.43
-6.43
-5.47
-4.51
-4.51
-4.51
-3.56
-2.6
-1.64
-1.64
-2.6
-3.56
-4.51
-5.47
-6.43
-7.38
-8.34
-8.34
-9.3
-10.25
-9.3
-8.34
-6.43
-4.51
-1.64
0.27
2.19
4.1
4.1
3.14
1.23
-0.68
-2.6
-1.64
-0.68
1.23
2.19
2.19
2.19
2.19
3.14
4.1
4.1
5.06
4.1
1.23
-3.56
-7.38
-9.3
-11.21
-12.17
-13.13
-13.13
-12.17
-11.21
-10.25
-9.3
-9.3
-8.34
-8.34
-8.34
-8.34
-6.43
-4.51
-4.51
-5.47
-5.47
-4.51
-2.6
-1.64
-1.64
-2.6
-3.56
-5.47
-6.43
-6.43
-5.47
-3.56
-1.64
0.27
1.23
1.23
2.19
1.23
0.27
-0.68
-3.56
-4.51
-6.43
-7.38
-8.34
-8.34
-8.34
-8.34
-8.34
-6.43
-4.51
-2.6
-1.64
-1.64
-2.6
-5.47
-8.34
-11.21
-13.13
-12.17
-10.25
-8.34
-6.43
-5.47
-5.47
-5.47
-5.47
-5.47
-5.47
-6.43
-6.43
-6.43
-5.47
-4.51
-3.56
-2.6
-1.64
-1.64
-1.64
-1.64
-1.64
-0.68
1.23
3.14
4.1
3.14
2.19
1.23
0.27
0.27
-0.68
-0.68
-0.68
0.27
0.27
0.27
0.27
-0.68
-1.64
-1.64
-2.6
-4.51
-6.43
-7.38
-8.34
-8.34
-8.34
-8.34
-8.34
-5.47
-2.6
0.27
2.19
3.14
3.14
3.14
4.1
4.1
4.1
4.1
4.1
4.1
4.1
4.1
4.1
6.02
6.97
8.89
8.89
8.89
6.97
6.97
6.97
7.93
7.93
7.93
6.97
5.06
4.1
4.1
5.06
6.02
6.02
5.06
3.14
2.19
0.27
-0.68
0.27
0.27
1.23
2.19
3.14
4.1
5.06
5.06
5.06
5.06
5.06
5.06
5.06
4.1
3.14
2.19
2.19
2.19
1.23
0.27
-0.68
-0.68
-0.68
0.27
1.23
2.19
3.14
3.14
3.14
2.19
0.27
-1.64
-3.56
-4.51
-5.47
-7.38
-8.34
-8.34
-8.34
-8.34
-8.34
-8.34
-8.34
-7.38
-5.47
-4.51
-3.56
-1.64
-0.68
-0.68
-0.68
-1.64
-3.56
-4.51
-5.47
-4.51
-2.6
-1.64
-0.68
0.27
1.23
3.14
6.02
6.97
7.93
6.97
6.97
7.93
8.89
9.84
9.84
8.89
7.93
6.97
6.97
6.97
6.97
6.02
5.06
4.1
3.14
2.19
2.19
3.14
3.14
4.1
5.06
6.02
6.02
5.06
4.1
5.06
6.02
6.97
8.89
8.89
8.89
7.93
6.02
4.1
3.14
2.19
1.23
1.23
0.27
-0.68
-2.6
-4.51
-5.47
-5.47
-5.47
-5.47
-6.43
-8.34
-8.34
-9.3
-10.25
-10.25
-10.25
-10.25
-9.3
-8.34
-8.34
-8.34
-7.38
-8.34
-8.34
-8.34
-8.34
-8.34
-8.34
-6.43
-4.51
-2.6
-1.64
-0.68
1.23
3.14
4.1
4.1
4.1
4.1
4.1
4.1
4.1
4.1
3.14
2.19
1.23
1.23
0.27
-1.64
-2.6
-2.6
-3.56
-3.56
-2.6
-2.6
-2.6
-2.6
-3.56
-3.56
-4.51
-5.47
-5.47
-5.47
-4.51
-2.6
-0.68
0.27
0.27
0.27
-0.68
-1.64
-1.64
-1.64
-1.64
-2.6
-2.6
-3.56
-4.51
-4.51
-4.51
-4.51
-3.56
-3.56
-2.6
-0.68
2.19
3.14
5.06
6.02
8.89
10.8
11.76
11.76
10.8
10.8
10.8
11.76
11.76
11.76
11.76
10.8
10.8
10.8
10.8
9.84
7.93
6.02
4.1
3.14
2.19
2.19
2.19
2.19
3.14
3.14
3.14
2.19
2.19
1.23
2.19
3.14
4.1
4.1
4.1
5.06
6.02
8.89
11.76
13.67
15.59
14.63
12.71
9.84
7.93
6.02
5.06
4.1
3.14
3.14
3.14
4.1
5.06
6.02
6.02
5.06
3.14
1.23
0.27
-0.68
-0.68
0.27
1.23
1.23
2.19
2.19
2.19
2.19
1.23
1.23
2.19
4.1
5.06
6.02
6.97
7.93
9.84
10.8
10.8
9.84
9.84
8.89
8.89
7.93
6.97
6.02
4.1
2.19
0.27
-1.64
-3.56
-4.51
-6.43
-6.43
-5.47
-4.51
-2.6
-0.68
1.23
3.14
4.1
5.06
6.97
7.93
7.93
6.97
4.1
1.23
-0.68
-1.64
-1.64
0.27
2.19
5.06
7.93
9.84
11.76
12.71
12.71
12.71
11.76
10.8
10.8
9.84
8.89
7.93
6.97
6.02
5.06
3.14
0.27
-1.64
-2.6
-4.51
-6.43
-8.34
-8.34
-8.34
-8.34
-6.43
-4.51
-3.56
-3.56
-3.56
-4.51
-4.51
-6.43
-7.38
-8.34
-9.3
-11.21
-11.21
-11.21
-10.25
-8.34
-7.38
-5.47
-2.6
0.27
1.23
1.23
1.23
1.23
0.27
-0.68
-1.64
-2.6
-3.56
-2.6
-3.56
-3.56
-5.47
-7.38
-7.38
-8.34
-7.38
-6.43
-6.43
-7.38
-7.38
-8.34
-8.34
-8.34
-8.34
-8.34
-8.34
-8.34
-10.25
-12.17
-13.13
-14.08
-15.04
-16
-16.95
-16.95
-16
-15.04
-15.04
-15.04
-15.04
-16
-15.04
-14.08
-13.13
-12.17
-12.17
-13.13
-13.13
-12.17
-10.25
-8.34
-7.38
-6.43
-6.43
-6.43
-6.43
-5.47
-3.56
-0.68
3.14
5.06
6.97
7.93
7.93
7.93
7.93
7.93
6.97
7.93
9.84
11.76
12.71
13.67
13.67
13.67
14.63
15.59
14.63
13.67
11.76
9.84
7.93
6.02
3.14
0.27
-1.64
-3.56
-3.56
-2.6
-1.64
-0.68
-0.68
-1.64
-1.64
-1.64
-0.68
-0.68
-0.68
-0.68
-0.68
-1.64
-2.6
-3.56
-4.51
-4.51
-3.56
-1.64
-0.68
-0.68
0.27
0.27
1.23
2.19
3.14
5.06
6.97
8.89
10.8
11.76
11.76
12.71
12.71
12.71
11.76
10.8
9.84
8.89
7.93
6.97
6.97
6.97
6.97
7.93
7.93
6.97
5.06
4.1
4.1
5.06
6.02
6.02
6.02
5.06
3.14
2.19
2.19
2.19
2.19
2.19
1.23
0.27
-1.64
-3.56
-4.51
-6.43
-6.43
-5.47
-4.51
-3.56
-2.6
-2.6
-1.64
-1.64
-0.68
-0.68
-1.64
-1.64
-1.64
-1.64
-0.68
0.27
0.27
0.27
0.27
-0.68
-0.68
-0.68
-1.64
-1.64
-2.6
-4.51
-4.51
-3.56
-2.6
-1.64
-1.64
-2.6
-2.6
-2.6
-0.68
1.23
3.14
4.1
4.1
5.06
5.06
5.06
5.06
4.1
3.14
3.14
3.14
3.14
3.14
3.14
4.1
4.1
4.1
4.1
3.14
3.14
3.14
3.14
3.14
3.14
3.14
4.1
5.06
6.02
6.02
6.02
5.06
4.1
2.19
1.23
-0.68
-1.64
-3.56
-4.51
-5.47
-5.47
-6.43
-7.38
-8.34
-8.34
-8.34
-7.38
-5.47
-5.47
-5.47
-6.43
-7.38
-7.38
-7.38
-6.43
-6.43
-5.47
-3.56
-0.68
3.14
5.06
6.97
8.89
10.8
11.76
11.76
12.71
12.71
13.67
14.63
13.67
13.67
14.63
15.59
17.5
17.5
16.54
13.67
11.76
8.89
7.93
6.97
6.02
6.97
6.97
7.93
7.93
6.97
6.02
5.06
4.1
3.14
1.23
0.27
-0.68
-1.64
-2.6
-3.56
-3.56
-3.56
-3.56
-1.64
-1.64
-1.64
-2.6
-4.51
-4.51
-4.51
-4.51
-3.56
-3.56
-3.56
-3.56
-4.51
-5.47
-6.43
-6.43
-4.51
-3.56
-1.64
0.27
1.23
1.23
1.23
1.23
2.19
2.19
2.19
2.19
2.19
1.23
1.23
1.23
1.23
2.19
1.23
0.27
0.27
0.27
0.27
1.23
1.23
0.27
0.27
-0.68
-2.6
-4.51
-5.47
-6.43
-7.38
-7.38
-7.38
-8.34
-8.34
-7.38
-6.43
-6.43
-5.47
-5.47
-5.47
-4.51
-3.56
-2.6
-0.68
1.23
2.19
3.14
2.19
1.23
0.27
0.27
0.27
1.23
2.19
4.1
6.02
6.97
7.93
7.93
7.93
7.93
7.93
6.97
6.97
6.02
6.02
6.02
6.02
6.02
6.02
4.1
2.19
-0.68
-1.64
-2.6
-3.56
-3.56
-3.56
-3.56
-3.56
-3.56
-1.64
-0.68
0.27
2.19
4.1
6.02
7.93
9.84
10.8
10.8
10.8
9.84
7.93
6.97
4.1
2.19
1.23
1.23
2.19
2.19
3.14
3.14
3.14
4.1
4.1
5.06
6.02
6.02
6.97
6.02
4.1
2.19
1.23
0.27
-0.68
-1.64
-2.6
-3.56
-4.51
-5.47
-4.51
-4.51
-3.56
-2.6
-1.64
-1.64
-2.6
-3.56
-4.51
-4.51
-5.47
-4.51
-4.51
-5.47
-5.47
-6.43
-7.38
-8.34
-8.34
-8.34
-8.34
-7.38
-6.43
-6.43
-5.47
-5.47
-5.47
-5.47
-7.38
-8.34
-8.34
-9.3
-10.25
-12.17
-14.08
-15.04
-16
-16
-16
-15.04
-13.13
-11.21
-10.25
-9.3
-8.34
-7.38
-6.43
-4.51
-3.56
-3.56
-3.56
-2.6
-2.6
-2.6
-3.56
-3.56
-3.56
-3.56
-2.6
-1.64
-1.64
-1.64
-2.6
-3.56
-3.56
-3.56
-3.56
-3.56
-2.6
-2.6
-1.64
0.27
2.19
3.14
4.1
4.1
4.1
3.14
3.14
3.14
2.19
1.23
0.27
-1.64
-2.6
-2.6
-2.6
-1.64
-1.64
-2.6
-2.6
-2.6
-2.6
-2.6
-2.6
-2.6
-3.56
-3.56
-4.51
-5.47
-7.38
-8.34
-8.34
-8.34
-8.34
-9.3
-11.21
-11.21
-11.21
-9.3
-8.34
-8.34
-8.34
-8.34
-7.38
-4.51
-2.6
0.27
2.19
3.14
6.02
6.97
8.89
9.84
10.8
11.76
11.76
11.76
10.8
10.8
11.76
11.76
10.8
9.84
7.93
6.97
5.06
4.1
3.14
2.19
1.23
1.23
1.23
2.19
3.14
4.1
4.1
4.1
4.1
4.1
5.06
5.06
6.02
6.97
7.93
7.93
8.89
8.89
8.89
6.97
6.02
5.06
4.1
2.19
1.23
1.23
1.23
2.19
2.19
2.19
2.19
2.19
3.14
3.14
3.14
3.14
4.1
4.1
4.1
4.1
5.06
6.02
6.02
6.02
5.06
5.06
3.14
2.19
1.23
0.27
0.27
-0.68
-1.64
-2.6
-2.6
-3.56
-3.56
-4.51
-3.56
-3.56
-2.6
-1.64
-1.64
-0.68
0.27
1.23
0.27
0.27
-0.68
-1.64
-1.64
-0.68
0.27
0.27
1.23
1.23
1.23
1.23
2.19
2.19
3.14
4.1
4.1
4.1
5.06
5.06
4.1
4.1
4.1
3.14
2.19
0.27
-0.68
-0.68
-0.68
-1.64
-0.68
-0.68
0.27
2.19
4.1
6.02
6.02
6.02
6.02
6.02
6.97
6.97
6.97
6.97
6.97
6.97
6.97
6.02
4.1
1.23
-0.68
-1.64
-2.6
-3.56
-5.47
-5.47
-5.47
-3.56
-2.6
-1.64
-0.68
-0.68
-0.68
0.27
1.23
2.19
2.19
3.14
3.14
3.14
4.1
4.1
5.06
4.1
3.14
2.19
1.23
1.23
1.23
-0.68
-1.64
-2.6
-3.56
-4.51
-6.43
-7.38
-8.34
-8.34
-8.34
-8.34
-8.34
-8.34
-6.43
-5.47
-4.51
-3.56
-3.56
-2.6
-1.64
0.27
1.23
1.23
1.23
1.23
1.23
1.23
0.27
-1.64
-3.56
-5.47
-6.43
-8.34
-8.34
-8.34
-7.38
-5.47
-3.56
-1.64
-0.68
0.27
1.23
2.19
4.1
6.02
7.93
9.84
9.84
9.84
7.93
6.97
6.02
5.06
4.1
1.23
-1.64
-4.51
-7.38
-8.34
-8.34
-8.34
-8.34
-7.38
-7.38
-7.38
-8.34
-8.34
-7.38
-7.38
-6.43
-6.43
-6.43
-6.43
-6.43
-6.43
-6.43
-7.38
-8.34
-8.34
-8.34
-7.38
-6.43
-5.47
-4.51
-3.56
-2.6
-1.64
0.27
0.27
1.23
0.27
-0.68
-2.6
-3.56
-2.6
-2.6
-1.64
-1.64
-2.6
-3.56
-3.56
-2.6
-1.64
-1.64
-2.6
-3.56
-3.56
-4.51
-4.51
-5.47
-6.43
-7.38
-8.34
-8.34
-8.34
-8.34
-8.34
-7.38
-6.43
-5.47
-4.51
-3.56
-2.6
-1.64
-0.68
0.27
1.23
2.19
3.14
4.1
4.1
4.1
5.06
6.02
6.02
5.06
4.1
3.14
2.19
1.23
1.23
0.27
-1.64
-2.6
-2.6
-2.6
-1.64
-0.68
-0.68
-1.64
-3.56
-4.51
-4.51
-4.51
-4.51
-5.47
-5.47
-5.47
-5.47
-5.47
-5.47
-4.51
-3.56
-3.56
-3.56
-2.6
-1.64
-0.68
-0.68
0.27
2.19
3.14
5.06
6.97
7.93
7.93
6.97
5.06
4.1
3.14
2.19
1.23
1.23
1.23
1.23
1.23
1.23
1.23
1.23
2.19
2.19
2.19
2.19
2.19
1.23
0.27
-0.68
-0.68
0.27
1.23
2.19
3.14
3.14
2.19
1.23
1.23
1.23
1.23
1.23
0.27
0.27
0.27
0.27
0.27
0.27
0.27
0.27
1.23
2.19
1.23
1.23
2.19
3.14
4.1
5.06
6.02
5.06
4.1
3.14
2.19
1.23
1.23
-0.68
-2.6
-5.47
-8.34
-9.3
-10.25
-10.25
-9.3
-8.34
-8.34
-7.38
-6.43
-5.47
-4.51
-3.56
-3.56
-2.6
-0.68
0.27
1.23
0.27
0.27
-0.68
-0.68
-0.68
0.27
2.19
4.1
5.06
6.02
6.02
5.06
4.1
2.19
0.27
-0.68
-0.68
0.27
1.23
1.23
2.19
2.19
2.19
2.19
2.19
3.14
4.1
3.14
2.19
0.27
0.27
1.23
3.14
4.1
4.1
4.1
4.1
4.1
4.1
4.1
4.1
4.1
4.1
4.1
4.1
3.14
3.14
3.14
3.14
3.14
3.14
3.14
3.14
3.14
4.1
4.1
4.1
3.14
2.19
2.19
2.19
3.14
4.1
4.1
3.14
2.19
2.19
3.14
4.1
4.1
4.1
4.1
4.1
4.1
4.1
5.06
6.02
6.97
7.93
7.93
7.93
6.97
6.02
5.06
3.14
1.23
0.27
-1.64
-4.51
-6.43
-8.34
-8.34
-8.34
-8.34
-8.34
-8.34
-7.38
-6.43
-6.43
-5.47
-5.47
-5.47
-4.51
-4.51
-4.51
-4.51
-4.51
-5.47
-6.43
-7.38
-8.34
-9.3
-10.25
-10.25
-9.3
-9.3
-8.34
-8.34
-8.34
-9.3
-9.3
-9.3
-8.34
-8.34
-8.34
-8.34
-8.34
-7.38
-7.38
-7.38
-6.43
-5.47
-5.47
-5.47
-5.47
-5.47
-5.47
-5.47
-5.47
-6.43
-6.43
-6.43
-5.47
-4.51
-3.56
-1.64
-0.68
-0.68
0.27
0.27
0.27
0.27
-0.68
-0.68
0.27
1.23
3.14
4.1
4.1
5.06
5.06
6.02
6.97
7.93
8.89
9.84
9.84
8.89
7.93
7.93
7.93
8.89
8.89
9.84
10.8
10.8
10.8
11.76
11.76
10.8
10.8
10.8
8.89
7.93
6.02
5.06
3.14
1.23
1.23
1.23
1.23
1.23
-0.68
-1.64
-2.6
-3.56
-3.56
-2.6
-1.64
-0.68
-0.68
0.27
1.23
2.19
2.19
1.23
0.27
-0.68
-0.68
-0.68
-0.68
-1.64
-1.64
-3.56
-4.51
-5.47
-5.47
-5.47
-5.47
-5.47
-4.51
-3.56
-2.6
-1.64
-1.64
-1.64
-2.6
-2.6
-3.56
-2.6
-2.6
-1.64
-0.68
0.27
1.23
1.23
2.19
1.23
0.27
0.27
-0.68
-0.68
-0.68
0.27
1.23
2.19
3.14
3.14
4.1
4.1
5.06
4.1
2.19
1.23
0.27
-0.68
0.27
0.27
1.23
1.23
1.23
0.27
-0.68
-0.68
-1.64
-1.64
-1.64
-0.68
-0.68
0.27
1.23
1.23
1.23
1.23
1.23
1.23
0.27
0.27
0.27
0.27
-0.68
-1.64
-0.68
-0.68
1.23
1.23
2.19
2.19
3.14
3.14
2.19
1.23
1.23
2.19
3.14
4.1
4.1
5.06
6.02
6.02
6.97
7.93
7.93
6.97
6.02
6.02
5.06
5.06
4.1
3.14
2.19
2.19
3.14
3.14
3.14
3.14
3.14
3.14
3.14
4.1
5.06
6.02
6.97
7.93
8.89
9.84
9.84
10.8
10.8
8.89
6.97
4.1
2.19
0.27
-1.64
-3.56
-4.51
-4.51
-2.6
-0.68
1.23
2.19
2.19
2.19
3.14
4.1
4.1
4.1
4.1
4.1
4.1
3.14
2.19
0.27
-1.64
-2.6
-3.56
-3.56
-4.51
-5.47
-6.43
-7.38
-7.38
-6.43
-6.43
-5.47
-5.47
-4.51
-3.56
-3.56
-3.56
-3.56
-2.6
-2.6
-1.64
-1.64
-1.64
-1.64
-1.64
-0.68
1.23
2.19
3.14
3.14
3.14
4.1
4.1
4.1
3.14
2.19
2.19
1.23
1.23
0.27
0.27
-1.64
-3.56
-4.51
-5.47
-5.47
-4.51
-4.51
-3.56
-3.56
-3.56
-3.56
-4.51
-4.51
-3.56
-3.56
-2.6
-1.64
-1.64
-0.68
-1.64
-1.64
-2.6
-4.51
-5.47
-6.43
-6.43
-5.47
-4.51
-4.51
-5.47
-5.47
-4.51
-3.56
-2.6
-3.56
-4.51
-5.47
-6.43
-7.38
-7.38
-7.38
-7.38
-8.34
-8.34
-7.38
-7.38
-6.43
-5.47
-4.51
-3.56
-2.6
-1.64
-0.68
0.27
-0.68
-1.64
-2.6
-4.51
-5.47
-6.43
-7.38
-7.38
-8.34
-8.34
-8.34
-7.38
-7.38
-6.43
-6.43
-6.43
-6.43
-6.43
-5.47
-4.51
-2.6
-0.68
0.27
0.27
0.27
0.27
0.27
2.19
4.1
5.06
5.06
5.06
6.02
6.02
5.06
5.06
4.1
4.1
3.14
3.14
3.14
3.14
3.14
3.14
3.14
3.14
3.14
4.1
4.1
5.06
6.02
5.06
5.06
5.06
5.06
5.06
6.02
6.02
6.02
5.06
5.06
4.1
3.14
1.23
0.27
-0.68
-0.68
-0.68
-0.68
-1.64
-2.6
-3.56
-3.56
-3.56
-4.51
-3.56
-3.56
-2.6
-1.64
-1.64
-0.68
-0.68
-0.68
-1.64
-2.6
-2.6
-3.56
-3.56
-3.56
-3.56
-3.56
-4.51
-4.51
-5.47
-5.47
-4.51
-4.51
-4.51
-3.56
-2.6
-0.68
0.27
2.19
3.14
4.1
4.1
3.14
3.14
2.19
1.23
0.27
0.27
0.27
1.23
1.23
1.23
0.27
-0.68
-1.64
-2.6
-3.56
-4.51
-4.51
-3.56
-2.6
-2.6
-1.64
-1.64
-1.64
-0.68
-0.68
-0.68
-0.68
-0.68
0.27
0.27
0.27
1.23
1.23
1.23
2.19
1.23
0.27
-1.64
-2.6
-3.56
-3.56
-3.56
-2.6
-2.6
-2.6
-2.6
-2.6
-2.6
-2.6
-2.6
-2.6
-1.64
-0.68
0.27
1.23
1.23
1.23
0.27
-1.64
-2.6
-2.6
-1.64
-1.64
-0.68
0.27
2.19
3.14
5.06
6.97
7.93
7.93
6.97
5.06
4.1
4.1
4.1
4.1
4.1
4.1
3.14
3.14
2.19
2.19
1.23
0.27
-1.64
-2.6
-3.56
-4.51
-4.51
-4.51
-4.51
-3.56
-3.56
-3.56
-2.6
-2.6
-1.64
-0.68
0.27
0.27
1.23
2.19
2.19
2.19
2.19
1.23
1.23
1.23
2.19
2.19
2.19
2.19
1.23
0.27
0.27
0.27
0.27
2.19
3.14
4.1
4.1
3.14
2.19
2.19
2.19
1.23
1.23
0.27
0.27
0.27
0.27
1.23
2.19
2.19
2.19
2.19
2.19
3.14
3.14
2.19
2.19
2.19
2.19
2.19
2.19
1.23
2.19
3.14
4.1
4.1
5.06
6.02
6.97
6.97
6.02
6.02
5.06
4.1
3.14
2.19
1.23
0.27
-0.68
-0.68
-0.68
-0.68
-0.68
0.27
1.23
3.14
4.1
5.06
6.02
6.97
6.97
7.93
6.97
6.97
5.06
4.1
2.19
1.23
0.27
0.27
-0.68
-1.64
-1.64
-1.64
-0.68
0.27
0.27
1.23
1.23
1.23
1.23
1.23
1.23
0.27
0.27
0.27
-1.64
-3.56
-4.51
-4.51
-4.51
-4.51
-3.56
-2.6
-2.6
-1.64
-1.64
-0.68
0.27
0.27
1.23
0.27
0.27
-0.68
-1.64
-1.64
-1.64
-1.64
-0.68
0.27
1.23
1.23
1.23
0.27
-0.68
-1.64
-3.56
-3.56
-3.56
-2.6
-0.68
0.27
1.23
1.23
1.23
1.23
0.27
0.27
0.27
-0.68
-0.68
0.27
0.27
0.27
1.23
1.23
2.19
2.19
3.14
4.1
4.1
4.1
4.1
4.1
3.14
2.19
2.19
2.19
3.14
4.1
5.06
5.06
6.02
6.02
5.06
5.06
5.06
5.06
4.1
2.19
1.23
-0.68
-0.68
-0.68
-0.68
-0.68
-0.68
-0.68
-1.64
-1.64
-0.68
0.27
0.27
0.27
0.27
-0.68
-1.64
-2.6
-2.6
-3.56
-2.6
-1.64
0.27
1.23
1.23
1.23
0.27
-1.64
-3.56
-5.47
-6.43
-7.38
-8.34
-8.34
-8.34
-8.34
-7.38
-6.43
-5.47
-5.47
-4.51
-4.51
-4.51
-3.56
-3.56
-2.6
-2.6
-2.6
-2.6
-2.6
-2.6
-1.64
-1.64
-0.68
-0.68
-0.68
0.27
0.27
0.27
-0.68
-0.68
-0.68
-1.64
-1.64
-2.6
-2.6
-2.6
-2.6
-2.6
-2.6
-2.6
-2.6
-2.6
-2.6
-1.64
-1.64
-0.68
-0.68
0.27
0.27
0.27
1.23
1.23
1.23
1.23
1.23
0.27
-0.68
-1.64
-1.64
-1.64
-1.64
-2.6
-2.6
-2.6
-2.6
-2.6
-3.56
-4.51
-5.47
-6.43
-6.43
-4.51
-3.56
-3.56
-3.56
-3.56
-3.56
-2.6
-1.64
-0.68
1.23
2.19
3.14
4.1
5.06
6.02
6.97
6.97
6.02
6.02
5.06
4.1
2.19
1.23
0.27
-0.68
-0.68
-0.68
-0.68
-1.64
-1.64
-2.6
-2.6
-2.6
-2.6
-1.64
-1.64
-1.64
-2.6
-2.6
-3.56
-4.51
-4.51
-3.56
-2.6
-1.64
0.27
1.23
2.19
2.19
3.14
3.14
4.1
4.1
3.14
3.14
2.19
2.19
2.19
1.23
1.23
0.27
0.27
0.27
0.27
1.23
1.23
2.19
2.19
3.14
3.14
3.14
4.1
4.1
3.14
3.14
2.19
2.19
1.23
1.23
1.23
0.27
0.27
0.27
1.23
1.23
2.19
2.19
1.23
0.27
0.27
-0.68
-0.68
-0.68
-0.68
0.27
1.23
1.23
1.23
1.23
0.27
-0.68
-0.68
0.27
1.23
1.23
2.19
3.14
3.14
2.19
1.23
1.23
0.27
0.27
0.27
-0.68
-0.68
-1.64
-2.6
-3.56
-4.51
-6.43
-7.38
-8.34
-8.34
-8.34
-9.3
-9.3
-10.25
-9.3
-9.3
-8.34
-8.34
-8.34
-7.38
-6.43
-5.47
-5.47
-3.56
-2.6
-1.64
0.27
1.23
3.14
4.1
5.06
5.06
5.06
5.06
4.1
4.1
3.14
3.14
3.14
3.14
3.14
3.14
3.14
2.19
1.23
0.27
-0.68
-0.68
-0.68
-1.64
-1.64
-1.64
-1.64
-1.64
-0.68
-0.68
-0.68
-1.64
-0.68
-0.68
-0.68
-0.68
-0.68
-0.68
-0.68
0.27
0.27
0.27
0.27
0.27
-0.68
-0.68
-0.68
0.27
0.27
1.23
2.19
3.14
4.1
4.1
4.1
5.06
5.06
5.06
5.06
6.02
5.06
5.06
4.1
2.19
0.27
-0.68
-1.64
-1.64
-2.6
-2.6
-2.6
-2.6
-2.6
-2.6
-2.6
-2.6
-1.64
-0.68
0.27
1.23
2.19
2.19
1.23
1.23
0.27
-0.68
-0.68
-1.64
-2.6
-3.56
-3.56
-4.51
-4.51
-4.51
-3.56
-3.56
-2.6
-2.6
-2.6
-2.6
-1.64
-0.68
-0.68
0.27
0.27
1.23
2.19
2.19
2.19
2.19
2.19
2.19
1.23
0.27
0.27
-0.68
-1.64
-2.6
-3.56
-4.51
-4.51
-5.47
-5.47
-5.47
-6.43
-6.43
-6.43
-7.38
-7.38
-8.34
-8.34
-7.38
-6.43
-5.47
-4.51
-3.56
-2.6
-1.64
0.27
1.23
3.14
4.1
4.1
5.06
5.06
5.06
5.06
6.02
6.97
6.97
6.97
6.97
6.97
6.02
6.02
5.06
4.1
2.19
1.23
-0.68
-2.6
-3.56
-3.56
-3.56
-2.6
-2.6
-2.6
-3.56
-3.56
-3.56
-2.6
-2.6
-1.64
-0.68
-0.68
-0.68
-0.68
-0.68
-0.68
-0.68
0.27
0.27
1.23
1.23
1.23
1.23
1.23
0.27
0.27
0.27
0.27
0.27
1.23
2.19
2.19
2.19
2.19
2.19
2.19
3.14
5.06
6.02
6.02
6.02
6.02
6.02
5.06
6.02
5.06
5.06
5.06
5.06
4.1
4.1
4.1
4.1
4.1
4.1
4.1
4.1
5.06
6.02
6.97
6.97
6.97
6.97
6.02
6.02
6.97
6.02
5.06
4.1
2.19
1.23
1.23
0.27
0.27
-0.68
-1.64
-2.6
-3.56
-2.6
-2.6
-2.6
-2.6
-2.6
-2.6
-1.64
-1.64
-0.68
-0.68
0.27
-0.68
0.27
0.27
0.27
0.27
0.27
0.27
1.23
2.19
3.14
4.1
5.06
5.06
5.06
5.06
5.06
4.1
4.1
4.1
5.06
6.02
6.02
6.97
6.97
6.97
6.97
6.97
6.97
6.97
6.97
6.02
5.06
4.1
2.19
0.27
-0.68
-2.6
-3.56
-4.51
-4.51
-4.51
-5.47
-5.47
-5.47
-5.47
-5.47
-4.51
-4.51
-4.51
-4.51
-5.47
-5.47
-6.43
-6.43
-6.43
-7.38
-7.38
-6.43
-5.47
-4.51
-3.56
-2.6
-0.68
0.27
0.27
1.23
1.23
1.23
2.19
3.14
4.1
4.1
4.1
3.14
3.14
2.19
1.23
1.23
1.23
1.23
1.23
1.23
1.23
1.23
1.23
0.27
0.27
0.27
1.23
2.19
2.19
2.19
2.19
1.23
0.27
0.27
0.27
0.27
-0.68
-0.68
-1.64
-1.64
-1.64
-1.64
-1.64
-1.64
-1.64
-1.64
-1.64
-1.64
-0.68
-1.64
-1.64
-1.64
-1.64
-0.68
0.27
0.27
0.27
0.27
0.27
0.27
0.27
0.27
-0.68
-1.64
-2.6
-3.56
-4.51
-5.47
-6.43
-6.43
-7.38
-7.38
-8.34
-8.34
-8.34
-8.34
-7.38
-7.38
-7.38
-5.47
-4.51
-3.56
-2.6
-1.64
-1.64
-0.68
-0.68
-0.68
-1.64
-2.6
-2.6
-2.6
-3.56
-3.56
-4.51
-5.47
-6.43
-7.38
-7.38
-6.43
-6.43
-5.47
-5.47
-4.51
-4.51
-3.56
-3.56
-3.56
-3.56
-3.56
-3.56
-3.56
-3.56
-2.6
-1.64
-0.68
-0.68
0.27
0.27
0.27
0.27
0.27
0.27
0.27
0.27
0.27
0.27
-0.68
-0.68
-0.68
-0.68
-0.68
-0.68
-1.64
-1.64
-1.64
-2.6
-2.6
-2.6
-1.64
-1.64
-0.68
0.27
2.19
3.14
3.14
3.14
3.14
3.14
3.14
2.19
2.19
1.23
0.27
0.27
0.27
0.27
0.27
0.27
0.27
1.23
1.23
2.19
3.14
3.14
4.1
4.1
4.1
5.06
5.06
5.06
5.06
5.06
6.02
6.02
6.02
6.02
5.06
5.06
4.1
4.1
3.14
3.14
2.19
1.23
1.23
0.27
-0.68
-1.64
-1.64
-1.64
-2.6
-2.6
-2.6
-2.6
-2.6
-1.64
-1.64
0.27
0.27
1.23
1.23
1.23
2.19
1.23
0.27
0.27
-0.68
-1.64
-0.68
-0.68
1.23
2.19
3.14
3.14
4.1
5.06
5.06
5.06
6.02
6.97
6.97
7.93
7.93
7.93
7.93
7.93
7.93
7.93
6.97
6.97
6.97
6.97
6.97
6.97
6.97
6.97
6.97
7.93
6.97
6.97
6.97
6.97
6.97
6.97
6.97
6.97
7.93
7.93
8.89
8.89
8.89
8.89
8.89
8.89
7.93
7.93
7.93
7.93
7.93
8.89
7.93
6.97
6.02
5.06
4.1
3.14
2.19
1.23
0.27
-0.68
-2.6
-4.51
-7.38
-8.34
-8.34
-8.34
-8.34
-8.34
-7.38
-6.43
-6.43
-5.47
-4.51
-3.56
-3.56
-2.6
-2.6
-1.64
-0.68
-0.68
0.27
-0.68
-0.68
-1.64
-1.64
-2.6
-2.6
-3.56
-2.6
-2.6
-1.64
-1.64
-1.64
-1.64
-1.64
-1.64
-2.6
-2.6
-2.6
-2.6
-1.64
-1.64
-0.68
-0.68
0.27
0.27
1.23
1.23
2.19
2.19
2.19
1.23
0.27
0.27
-0.68
-0.68
-0.68
-1.64
-1.64
-1.64
-2.6
-2.6
-3.56
-3.56
-2.6
-2.6
-1.64
-1.64
-0.68
-0.68
-0.68
0.27
1.23
1.23
1.23
1.23
1.23
1.23
1.23
0.27
-0.68
-1.64
-2.6
-3.56
-4.51
-5.47
-6.43
-6.43
-7.38
-7.38
-7.38
-7.38
-7.38
-6.43
-5.47
-4.51
-4.51
-3.56
-3.56
-2.6
-2.6
-1.64
-1.64
-1.64
-1.64
-2.6
-1.64
-1.64
-0.68
-0.68
0.27
0.27
0.27
0.27
1.23
1.23
1.23
1.23
2.19
2.19
2.19
2.19
3.14
2.19
1.23
1.23
1.23
1.23
0.27
-0.68
-0.68
-0.68
-0.68
-0.68
-0.68
-0.68
-0.68
-0.68
-0.68
-1.64
-2.6
-2.6
-3.56
-4.51
-4.51
-5.47
-5.47
-5.47
-6.43
-5.47
-5.47
-5.47
-4.51
-4.51
-3.56
-3.56
-3.56
-3.56
-3.56
-3.56
-2.6
-1.64
-0.68
1.23
2.19
3.14
4.1
3.14
3.14
3.14
4.1
4.1
3.14
3.14
2.19
1.23
1.23
1.23
0.27
0.27
-0.68
-0.68
-1.64
-1.64
-1.64
-0.68
0.27
-0.68
-1.64
-1.64
-0.68
-0.68
-0.68
-0.68
-1.64
-2.6
-2.6
-2.6
-2.6
-2.6
-2.6
-2.6
-2.6
-2.6
-1.64
-1.64
-1.64
-1.64
-0.68
-0.68
-0.68
-0.68
-0.68
-0.68
-1.64
-1.64
-0.68
-0.68
-1.64
-1.64
-1.64
-0.68
0.27
1.23
2.19
2.19
2.19
2.19
1.23
0.27
-0.68
-1.64
-2.6
-3.56
-3.56
-3.56
-2.6
-2.6
-2.6
-1.64
-2.6
-2.6
-3.56
-3.56
-3.56
-3.56
-3.56
-2.6
-1.64
-0.68
-0.68
0.27
1.23
1.23
2.19
2.19
2.19
2.19
2.19
1.23
1.23
1.23
0.27
0.27
-0.68
-0.68
0.27
0.27
0.27
0.27
0.27
0.27
0.27
1.23
1.23
1.23
0.27
-0.68
-1.64
-2.6
-2.6
-2.6
-2.6
-2.6
-1.64
-0.68
0.27
1.23
2.19
3.14
3.14
3.14
2.19
2.19
1.23
1.23
1.23
2.19
2.19
2.19
3.14
3.14
3.14
3.14
3.14
3.14
4.1
5.06
5.06
5.06
5.06
4.1
4.1
3.14
3.14
3.14
2.19
2.19
1.23
1.23
0.27
0.27
-0.68
-0.68
-0.68
-0.68
-0.68
0.27
0.27
0.27
0.27
1.23
1.23
2.19
3.14
3.14
3.14
3.14
3.14
2.19
2.19
2.19
2.19
2.19
2.19
1.23
1.23
0.27
0.27
0.27
-0.68
-0.68
-1.64
-1.64
-1.64
-1.64
-1.64
-1.64
-0.68
-0.68
-0.68
-1.64
-2.6
-2.6
-2.6
-2.6
-1.64
-1.64
-0.68
-0.68
-0.68
-1.64
-1.64
-1.64
-1.64
-1.64
-1.64
-1.64
-1.64
-1.64
-1.64
-1.64
-1.64
-2.6
-2.6
-3.56
-4.51
-4.51
-5.47
-6.43
-6.43
-7.38
-7.38
-7.38
-7.38
-6.43
-6.43
-5.47
-5.47
-4.51
-3.56
-2.6
-1.64
-0.68
0.27
0.27
1.23
1.23
1.23
1.23
2.19
2.19
3.14
3.14
