981
50
11.985
9.921
7.487
6.217
5.894
4.751
2.534
1.311
1.176
0.499
0.254
2.793
6.201
6.376
5.800
6.821
6.783
6.271
3.592
1.518
1.401
0.400
1.897
2.361
1.938
1.310
4.369
10.321
10.505
11.458
12.492
12.141
11.646
9.059
9.760
12.249
11.110
7.110
3.945
1.947
-0.105
-3.302
-5.086
-4.923
-4.097
-3.419
-4.571
-4.825
-5.051
-5.122
-2.896
-0.181
0.343
1.399
3.966
2.658
1.291
0.733
-0.702
-1.044
-1.054
-0.971
-0.801
0.819
4.093
7.196
6.043
2.105
0.809
-0.471
-2.157
-2.274
-1.831
-2.538
-5.721
-8.842
-9.708
-11.435
-13.001
-11.800
-10.849
-7.506
-3.022
-1.126
3.040
5.792
5.766
5.075
3.208
1.223
-1.211
-0.905
-1.292
-1.806
1.156
4.900
8.455
8.236
8.485
6.488
-1.767
-6.054
-6.614
-6.914
-5.754
-4.321
-3.297
-2.518
-1.086
-1.920
-3.261
-0.017
2.653
3.828
5.827
5.821
5.620
5.663
4.229
1.411
-0.502
-0.176
-0.264
-0.232
-0.461
-1.496
-0.906
-1.509
-3.357
-2.717
0.097
1.511
-0.157
-1.277
-1.795
-1.721
-0.840
2.121
7.042
3.588
-3.649
-5.995
-5.066
0.242
3.900
3.029
1.323
-0.642
-0.883
-0.064
0.066
-1.117
-3.881
-4.634
-4.734
-5.640
-4.938
-4.684
-4.947
-4.824
-4.808
-5.123
-5.249
-3.943
-0.348
-0.503
-7.452
-9.586
-7.103
-7.349
-6.062
-1.509
2.125
2.774
1.087
-0.105
-1.232
-3.760
-2.915
-0.608
5.424
13.332
14.749
14.823
12.354
11.021
9.030
2.412
1.698
0.409
-3.150
-4.653
-5.822
-4.306
-3.256
-1.727
-1.717
-4.138
-6.892
-12.044
-9.372
-2.875
-3.457
-4.447
-3.383
0.530
5.323
7.366
7.313
6.201
4.245
1.798
0.741
0.775
2.275
2.361
0.057
-0.999
-1.469
-2.892
-2.664
-0.892
-1.622
-1.528
-3.442
-6.949
-5.201
-4.584
-6.982
-10.739
-11.771
-6.116
-2.333
-0.642
1.896
1.742
1.263
1.107
1.784
3.891
4.156
3.123
-0.539
-4.564
-4.663
-1.779
1.997
5.223
10.682
12.952
12.662
14.483
11.923
9.104
6.922
3.222
-0.413
-3.833
-5.086
-4.990
-5.384
-5.729
-2.605
-1.574
0.508
5.505
3.846
2.225
1.255
-1.526
-2.421
-1.934
-1.989
-1.722
-1.541
-2.427
-0.993
-0.258
0.649
2.199
4.310
5.537
2.457
2.117
1.818
2.115
4.078
2.594
0.374
-3.149
-5.650
-6.917
-7.611
-4.973
-2.999
-2.875
-3.592
-4.347
-3.248
-2.742
-2.398
1.681
3.447
1.036
0.373
0.132
0.048
-0.125
-0.787
-1.301
-2.194
-2.136
-2.407
-2.929
-1.941
1.093
3.555
6.073
9.171
7.311
3.823
2.943
2.891
3.887
2.769
2.298
5.249
3.607
1.192
-0.015
-0.921
3.885
5.269
5.091
3.472
-2.873
-3.631
-3.866
-3.814
-1.922
-0.740
2.246
3.459
4.712
5.123
4.252
2.556
-1.223
-2.743
-4.001
-4.918
-3.189
-1.663
-1.406
-2.391
-3.426
-6.101
-7.838
-6.175
-3.510
0.288
3.327
8.044
11.789
11.218
9.245
3.913
1.035
2.555
4.321
6.869
9.204
7.798
3.868
2.021
-0.250
-3.115
-4.636
-3.429
-1.234
1.330
5.982
2.471
-3.991
-3.018
-2.236
-2.080
1.298
5.564
10.101
14.409
17.034
19.305
17.229
12.077
9.346
6.907
4.633
-1.728
-8.188
-9.491
-9.281
-6.973
-3.062
1.335
3.443
3.738
-0.134
-8.106
-11.016
-9.321
-8.633
-8.206
-3.598
0.733
2.704
5.020
5.944
4.407
-0.639
-4.353
-6.534
-8.818
-8.226
-7.597
-6.443
-3.277
0.678
3.691
4.851
7.498
10.702
9.179
4.746
1.080
-0.978
-1.006
-0.704
-1.497
-4.679
-8.042
-7.963
-5.823
-3.629
-2.998
-3.811
-3.621
-2.862
-0.109
3.534
2.890
4.186
7.829
6.161
1.377
0.509
5.728
10.022
11.264
10.175
6.749
4.089
1.694
-0.969
-4.849
-7.326
-6.884
-6.422
-5.052
-3.958
-2.713
-1.070
-0.610
-0.405
-2.569
-10.504
-17.730
-16.381
-14.911
-12.151
-4.926
-1.081
1.520
3.192
4.862
5.571
5.570
6.794
5.464
4.499
3.285
2.184
2.529
1.319
-1.031
-3.756
-3.674
0.148
3.218
1.227
-4.084
-8.075
-10.757
-11.868
-11.595
-11.691
-11.419
-10.839
-10.515
-8.628
-4.118
-1.034
-2.564
-4.344
-3.412
-1.380
2.559
6.287
7.719
7.840
7.516
8.364
8.484
9.058
9.019
6.795
4.984
0.335
-4.643
-7.381
-9.054
-9.174
-9.868
-10.375
-10.373
-10.147
-9.213
-6.395
-2.533
-1.923
-1.957
-1.656
-3.855
-5.978
-6.551
-7.280
-7.966
-7.759
-7.853
-6.348
-2.421
0.854
2.235
3.079
4.168
5.784
8.680
9.168
8.519
5.965
1.084
0.827
0.886
0.641
2.678
1.664
-0.984
-1.708
-1.495
-1.156
0.222
0.895
-0.338
-2.883
-6.723
-8.741
-8.006
-5.877
-2.370
-0.361
0.780
2.752
4.728
6.543
6.888
7.082
6.499
4.894
3.518
1.534
0.993
1.135
1.279
2.049
2.790
3.423
3.326
2.417
0.892
-0.482
-1.089
-0.989
-1.880
-3.239
-3.434
-3.740
-3.314
-3.209
-3.895
-2.332
1.420
3.120
2.579
0.181
-5.315
-6.343
-3.022
-1.615
-0.590
-0.227
-0.459
-0.567
0.391
1.496
1.099
-0.270
-2.551
-4.741
-5.060
-3.939
-2.394
3.456
10.101
10.322
6.934
2.893
-1.400
-5.596
-6.944
-6.223
-6.064
-5.298
-3.843
-1.738
-0.253
0.653
2.068
2.659
3.597
4.817
4.760
5.296
6.639
7.619
7.375
5.955
4.465
0.921
-2.848
-3.294
-1.773
0.502
3.659
7.053
8.943
9.467
10.396
10.736
10.523
8.956
4.987
2.323
0.266
-2.403
-2.869
-3.096
-3.219
-2.569
-2.794
-2.620
-2.709
-1.692
0.836
-0.133
-2.354
-2.751
-2.730
-2.721
-2.532
-1.868
-0.686
0.905
2.136
3.351
3.787
2.259
0.798
0.232
0.137
0.483
2.362
6.601
10.047
10.612
9.724
8.308
6.990
4.418
2.138
2.097
1.364
0.465
0.805
0.840
0.772
0.846
0.700
0.856
0.492
0.037
-0.521
-2.318
-3.191
-4.798
-7.909
-8.367
-8.197
-8.288
-7.311
-7.709
-5.846
-2.370
0.346
4.087
5.741
7.004
10.005
13.345
16.354
18.928
18.527
14.164
9.944
5.786
3.802
3.936
3.188
2.704
1.906
1.276
0.333
-0.133
-0.100
-0.999
-0.741
-1.892
-0.963
1.751
-0.839
-2.728
-2.808
-3.090
-2.978
-3.279
-2.983
-1.986
0.634
2.043
2.501
3.576
3.223
2.067
1.116
1.205
1.079
0.512
2.545
6.327
8.231
8.450
8.589
7.849
5.255
2.057
0.138
-1.148
-3.697
-6.354
-7.394
-7.491
-7.205
-6.365
-4.095
-1.754
0.540
3.720
5.402
5.640
3.732
-1.829
-7.580
-9.274
-8.090
-6.757
-5.615
-5.123
-3.476
-0.724
0.534
1.030
1.594
1.464
2.908
5.383
5.762
7.603
8.685
6.451
4.959
2.343
-0.284
-2.608
-6.867
-10.395
-15.271
-19.231
-18.701
-15.618
-10.445
-6.053
-3.273
1.316
9.879
16.108
16.851
14.848
9.101
3.067
-0.366
-1.076
-0.658
-0.039
1.662
2.052
0.575
-1.011
-3.665
-7.120
-9.477
-11.582
-11.748
-10.129
-7.866
-3.987
-0.644
2.290
3.623
1.276
-1.567
-2.560
-3.074
-3.280
-3.599
-3.824
-1.954
1.893
7.809
11.349
10.695
8.877
3.051
-2.977
-9.366
-16.008
-18.270
-19.802
-15.574
-9.914
-7.324
-3.023
-0.046
4.613
6.461
3.310
1.276
-0.112
-0.063
0.092
-0.346
-0.680
-1.059
0.174
3.283
7.295
9.409
8.370
4.082
-1.367
-3.753
-6.798
-10.412
-9.684
-8.816
-9.186
-8.753
-7.811
-6.204
-5.065
-4.481
-3.802
-3.942
-2.833
-1.024
-0.987
-0.494
-0.202
1.162
4.135
5.564
6.360
6.245
6.017
5.211
4.928
5.166
1.269
-2.653
-3.964
-6.099
-8.345
-8.466
-8.216
-5.480
1.173
3.828
3.917
2.258
-2.559
-4.474
-4.002
-3.378
-2.356
0.060
4.217
6.306
8.760
13.544
9.955
0.879
-4.798
-7.721
-7.470
-6.667
-6.082
-7.184
-6.557
-9.200
-17.017
-16.489
-10.637
-4.248
-0.334
1.379
3.037
3.682
5.826
6.064
6.761
5.843
1.766
1.608
3.821
5.750
6.080
6.134
5.696
3.363
2.026
-0.137
-2.599
-3.400
-5.583
-9.842
-13.180
-13.584
-13.470
-13.539
-13.506
-13.298
-12.083
-11.820
-9.735
-4.807
0.740
8.066
14.428
16.965
16.489
14.358
8.400
-0.686
-5.267
-5.521
-4.496
-2.472
-1.722
-3.469
-7.902
-11.769
-13.504
-15.483
-16.891
-19.834
-24.382
-26.102
-25.591
-24.949
-23.693
-18.717
-12.293
-8.474
-6.144
-3.526
0.322
7.871
22.201
35.553
43.542
47.192
47.997
50.820
52.693
53.728
53.463
51.057
44.189
31.239
22.500
18.567
16.964
14.942
7.005
-1.121
-5.938
-10.528
-14.805
-18.174
-21.295
-23.729
-25.188
-25.576
-25.359
-22.516
-17.482
-12.932
-7.369
-0.242
11.593
27.547
38.577
42.254
42.682
39.991
34.452
23.431
8.875
1.308
-1.521
-4.710
-5.340
-3.911
-2.901
-2.791
-5.934
-10.350
-16.687
-24.658
-26.300
-25.378
-23.780
-19.726
-17.058
-21.979
-30.118
-23.221
-6.247
5.394
17.062
28.429
29.418
25.782
19.551
10.354
4.066
-2.070
-7.633
-15.985
-29.904
-43.875
-54.933
-60.342
-62.079
-62.060
-60.896
-61.553
-60.685
-56.385
-46.677
-34.629
-24.646
-11.485
-2.270
7.167
22.317
35.907
53.034
65.796
71.812
76.005
75.818
75.243
68.764
57.707
47.707
34.675
21.378
9.517
-2.419
-11.878
-23.937
-38.183
-48.383
-59.660
-69.602
-71.947
-65.646
-48.710
-25.899
-7.245
12.280
34.805
55.877
80.386
93.470
94.433
92.371
79.935
66.331
54.533
39.124
26.976
24.332
25.356
25.333
26.473
24.460
15.791
4.885
-4.446
-11.065
-15.862
-21.725
-26.503
-23.878
-11.745
-1.729
6.687
17.313
17.263
11.581
9.397
11.825
14.921
14.473
12.039
4.353
-3.767
-11.799
-22.371
-29.735
-34.508
-36.522
-37.996
-43.325
-48.303
-55.416
-61.165
-60.864
-58.714
-45.963
-33.027
-26.523
-14.086
-6.067
-3.445
-1.350
-2.631
-4.790
-9.217
-15.189
-24.799
-37.305
-44.384
-47.235
-41.681
-27.624
-16.626
-8.157
1.837
12.301
15.500
12.331
10.978
10.999
11.874
13.846
15.420
14.837
14.324
11.512
8.251
6.384
1.958
-0.649
-3.505
-6.683
-5.767
-3.770
-3.555
-4.838
-7.344
-9.892
-9.931
-7.719
4.154
19.655
28.790
40.559
50.402
56.944
62.761
64.927
63.675
57.220
47.241
34.589
26.264
15.433
2.429
-6.003
-12.003
-8.165
-12.290
-20.660
-28.924
-42.907
-42.383
-34.689
-22.510
-9.440
3.164
21.245
29.817
23.053
8.042
-4.844
-16.240
-22.152
-18.364
-6.505
8.744
16.814
21.746
26.525
29.523
29.780
29.260
29.263
26.871
23.814
21.801
19.094
14.074
10.600
8.863
6.700
5.571
1.594
-5.051
-8.626
-10.496
-13.185
-20.749
-34.774
-51.313
-64.628
-66.936
-65.034
-58.807
-43.097
-26.470
-10.214
1.818
10.426
16.442
14.688
13.257
9.946
-0.134
-9.329
-14.641
-14.277
-9.981
-3.773
4.838
9.972
11.816
9.841
0.842
-7.561
-16.288
-26.841
-34.640
-38.964
-39.696
-41.549
-40.509
-44.444
-54.967
-56.596
-51.842
-38.072
-24.286
-14.128
-0.174
11.878
24.238
32.071
40.176
56.852
70.314
81.022
95.367
103.597
103.946
95.789
78.897
58.387
32.799
4.616
-29.328
-57.663
-79.400
-104.514
-118.135
-116.004
-105.030
-92.014
-76.996
-60.693
-38.909
-14.389
1.496
19.488
38.488
50.341
59.402
68.187
77.784
84.178
86.725
88.774
86.707
80.918
69.577
56.671
52.450
45.662
35.108
24.015
10.575
2.580
-4.032
-12.077
-17.700
-16.225
-10.831
-8.458
-10.190
-15.815
-23.196
-33.273
-41.060
-44.865
-47.002
-48.964
-46.038
-36.464
-26.758
-11.298
1.002
10.826
22.181
24.552
25.830
24.571
21.685
20.689
18.334
16.578
13.116
10.272
10.511
12.097
11.937
8.781
2.461
-5.456
-14.129
-23.301
-29.739
-33.576
-34.039
-32.412
-30.782
-29.560
-28.614
-28.873
-30.957
-31.521
-30.946
-28.758
-27.340
-27.778
-27.867
-27.154
-22.964
-15.155
-5.180
3.708
9.134
10.630
10.776
7.569
1.342
-0.092
-0.391
-1.028
-0.602
-1.170
-2.292
-2.802
-6.201
-18.570
-31.399
-34.538
-32.288
-27.675
-18.823
-10.066
-3.473
3.396
11.359
14.553
8.094
-0.167
-6.055
-8.222
-8.189
-7.608
-6.126
-3.646
2.508
10.542
19.003
30.906
49.749
65.173
74.099
81.390
79.643
68.471
52.138
35.436
15.851
-4.592
-16.852
-21.031
-17.970
-13.108
-8.073
-2.157
2.582
8.368
13.966
18.459
21.457
25.036
35.004
44.403
50.980
63.551
73.544
75.950
74.632
62.298
42.895
22.196
2.406
-9.189
-20.389
-32.216
-42.493
-53.538
-61.095
-67.536
-73.797
-78.993
-82.078
-81.094
-74.688
-64.693
-51.742
-40.026
-35.515
-30.401
-23.231
-16.390
-9.271
-1.929
3.939
5.932
3.392
-4.944
-12.015
-15.115
-15.461
-12.065
-6.316
-1.231
1.729
4.757
5.907
6.729
7.186
6.592
7.505
7.991
7.492
4.173
-4.021
-13.513
-20.356
-25.074
-26.945
-23.678
-16.282
-10.433
-7.723
-1.936
3.491
4.440
4.387
3.041
0.593
-0.436
-0.852
-0.620
0.648
3.108
8.565
13.308
20.151
28.203
29.176
28.587
29.722
30.762
29.626
27.862
30.754
38.792
45.342
45.753
45.371
42.251
36.808
32.395
27.599
24.516
21.889
19.939
19.169
18.461
18.703
20.029
20.626
20.029
14.630
5.071
-2.165
-10.295
-16.726
-20.591
-26.249
-29.214
-30.796
-32.440
-32.854
-32.963
-32.538
-30.849
-25.605
-19.462
-17.004
-16.336
-15.087
-14.313
-14.531
-13.194
-9.089
-2.767
7.338
17.478
23.215
30.898
36.969
36.290
35.631
32.332
26.061
19.103
12.485
5.353
-2.634
-8.606
-16.748
-20.602
-26.192
-38.507
-44.373
-46.734
-45.435
-41.233
-36.081
-28.133
-21.196
-16.305
-13.100
-9.015
-3.760
2.985
9.488
15.221
20.259
20.714
20.050
19.429
18.489
17.332
15.734
15.893
13.074
4.940
-2.526
-9.220
-16.959
-21.873
-26.663
-32.522
-37.788
-41.579
-41.854
-41.180
-39.634
-36.969
-33.285
-28.663
-22.443
-17.060
-9.563
1.483
7.183
11.855
15.209
16.650
19.731
21.492
24.134
26.344
27.894
28.475
27.325
25.958
25.423
26.337
26.852
27.212
27.813
29.041
31.313
34.752
38.761
38.902
35.963
33.906
28.089
20.847
16.158
9.011
4.301
1.511
-5.249
-9.864
-13.081
-17.551
-18.922
-18.194
-18.008
-18.214
-17.193
-15.348
-10.602
-2.995
0.497
3.555
10.397
14.892
15.136
15.495
14.598
10.232
5.208
-2.615
-11.182
-18.701
-25.609
-29.872
-32.684
-33.816
-34.562
-34.946
-35.330
-35.871
-36.135
-36.884
-36.632
-35.252
-32.583
-30.870
-27.224
-20.884
-19.184
-19.871
-19.882
-20.300
-19.656
-18.676
-13.864
-6.710
-1.440
6.452
13.157
20.147
29.104
35.915
42.409
44.453
45.031
46.265
45.729
45.870
43.871
39.812
34.434
28.810
27.051
23.971
20.002
19.919
21.160
24.285
27.660
29.880
30.635
30.087
27.782
24.058
20.224
13.084
6.730
0.036
-7.771
-12.785
-18.877
-24.736
-27.409
-27.522
-26.737
-24.796
-19.176
-12.200
-7.520
-5.181
-6.518
-10.662
-14.056
-15.908
-16.273
-16.534
-16.554
-16.437
-16.389
-16.051
-14.498
-11.489
-7.634
-1.088
8.539
19.733
26.796
30.484
33.264
31.616
27.674
22.739
19.141
15.441
10.719
7.552
4.097
2.893
2.456
0.578
-1.092
-2.983
-3.429
-2.389
-1.400
0.522
3.457
5.639
5.557
3.838
3.207
0.028
-3.831
-3.788
-4.897
-6.208
-4.977
-1.390
0.878
0.516
0.190
-1.440
-3.117
-7.004
-12.490
-17.087
-21.015
-21.861
-21.519
-20.750
-19.597
-17.541
-15.983
-17.879
-17.928
-16.672
-18.907
-21.455
-23.128
-24.964
-25.134
-22.094
-17.935
-14.593
-9.758
-5.069
-2.742
-0.495
2.660
5.007
5.193
5.522
6.810
8.496
10.174
11.471
13.415
15.372
17.150
18.288
18.986
18.836
16.483
13.782
9.536
3.434
0.668
1.391
1.442
0.962
0.691
0.563
2.140
2.894
2.232
3.922
7.018
8.798
8.762
8.908
10.605
12.306
13.330
14.137
14.933
15.903
17.458
19.170
20.917
23.283
23.438
21.477
20.604
18.575
14.377
9.580
3.178
-4.838
-13.267
-22.342
-29.488
-33.045
-35.444
-36.330
-36.478
-37.176
-37.321
-37.445
-36.813
-34.390
-32.293
-28.474
-21.874
-17.578
-15.995
-14.089
-11.812
-11.206
-10.926
-12.824
-16.671
-16.726
-15.787
-16.134
-17.320
-15.898
-11.037
-5.550
-1.103
0.016
2.996
5.413
4.797
4.484
1.884
-0.224
-0.153
-0.430
-1.356
-2.104
-3.369
-3.310
-0.993
-0.694
1.111
5.102
6.439
9.255
10.464
6.910
6.523
8.929
12.100
16.268
19.402
22.757
26.248
29.588
31.437
32.168
34.623
36.447
34.767
29.526
24.771
20.502
13.949
8.294
3.607
0.363
-2.276
-5.169
-7.488
-10.759
-12.409
-15.684
-20.093
-20.887
-21.447
-21.627
-22.000
-20.631
-14.895
-7.875
-0.365
5.604
6.739
4.272
2.089
-2.299
-9.163
-11.240
-11.454
-13.590
-14.776
-15.490
-15.680
-15.136
-16.124
-17.757
-18.514
-19.074
-18.647
-17.443
-13.235
-5.216
1.809
7.502
14.345
20.192
21.431
21.500
20.064
14.634
9.484
5.054
0.619
-1.170
-0.642
-0.243
1.179
2.651
5.221
8.873
8.811
8.212
7.868
6.963
6.283
5.089
2.840
-1.290
-5.222
-8.255
-10.232
-12.143
-14.006
-14.449
-14.810
-15.143
-15.651
-15.834
-14.461
-13.270
-12.876
-10.894
-8.537
-5.491
-2.228
-2.449
-1.467
2.543
7.254
12.848
16.852
19.618
20.647
19.833
19.153
18.622
18.733
19.046
19.519
19.831
20.394
20.369
19.683
20.937
20.784
18.769
16.984
15.054
13.120
11.156
9.422
7.856
7.819
6.737
3.694
0.330
-2.525
-1.742
-1.163
-1.911
-1.927
-2.123
-1.996
-2.195
-1.989
-1.588
-0.193
-0.068
-3.294
-4.731
-6.910
-11.065
-13.749
-16.703
-19.296
-20.986
-22.308
-22.823
-22.416
-20.342
-18.908
-18.476
-16.414
-13.001
-9.725
-6.754
-3.555
-0.575
3.738
8.055
9.227
9.186
8.492
8.512
9.575
10.299
11.285
12.282
14.442
16.055
15.531
15.638
16.600
17.518
18.083
17.974
17.639
16.790
14.688
11.258
7.444
3.433
-1.376
-4.972
-6.536
-7.429
-9.363
-11.533
-9.853
-6.010
-2.870
-0.084
2.268
5.286
7.737
8.731
9.783
10.892
11.923
12.992
14.125
15.797
17.931
20.019
22.110
24.133
25.867
27.458
29.086
30.693
32.181
32.629
31.243
29.634
28.312
25.589
21.119
15.367
9.517
4.296
-0.952
-6.232
-11.567
-16.890
-22.176
-27.328
-32.357
-37.545
-42.671
-47.814
-51.553
-53.818
-55.653
-56.551
-57.558
-58.187
-58.205
-58.164
-55.680
-50.552
-45.365
-40.568
-35.366
-30.837
-27.390
-25.513
-23.721
-19.501
-15.075
-10.973
-6.795
-1.882
4.911
11.575
18.010
24.425
29.763
33.810
37.813
41.696
44.786
47.779
49.949
52.345
54.290
54.308
53.931
52.903
51.327
49.822
47.438
43.186
39.115
37.327
36.458
35.373
33.800
31.463
29.003
26.816
24.441
22.190
18.869
13.494
7.968
2.228
-3.560
-8.571
-13.175
-17.094
-19.799
-21.093
-21.358
-21.842
-24.479
-27.431
-29.072
-32.193
-36.079
-39.725
-43.002
-44.976
-46.349
-46.759
-46.721
-46.621
-45.980
-44.246
-41.242
-39.145
-37.693
-36.280
-35.088
-33.588
-31.520
-28.489
-25.313
-21.720
-18.220
-15.906
-13.675
-11.358
-9.047
-6.611
-4.052
-1.479
0.930
3.339
6.186
9.461
12.403
14.913
17.514
19.629
20.572
20.491
21.229
24.187
26.057
25.423
24.846
23.902
23.217
22.661
19.581
17.237
17.495
17.511
17.361
17.119
16.814
15.835
14.151
13.751
13.714
12.509
10.677
8.875
7.325
6.133
5.787
5.214
4.320
4.231
3.259
0.735
-1.822
-3.002
-5.725
-11.231
-13.665
-13.923
-14.384
-14.171
-14.017
-13.521
-12.612
-10.939
-9.561
-9.231
-8.827
-7.824
-6.251
-4.659
-3.196
-2.078
-1.709
-1.484
0.280
3.018
5.014
6.060
7.730
8.582
7.146
6.255
5.017
2.662
-0.656
-6.373
-11.088
-12.517
-15.041
-19.259
-20.485
-20.260
-20.483
-20.474
-20.794
-21.180
-22.736
-23.572
-21.624
-18.547
-15.975
-14.109
-11.084
-8.530
-7.151
-6.614
-7.932
-7.547
-4.191
-0.964
0.799
2.535
4.434
4.742
4.265
3.653
2.233
1.356
1.746
2.674
3.925
5.782
8.858
11.292
13.278
14.516
14.181
13.889
14.404
18.014
19.476
17.289
17.230
17.397
16.985
16.175
14.706
12.310
9.207
6.779
5.353
4.548
2.589
1.303
1.972
2.745
3.727
4.674
5.262
6.057
6.345
6.034
6.658
7.909
8.697
8.558
7.889
7.377
6.979
6.699
6.639
6.906
7.134
7.028
6.343
5.640
5.070
4.402
3.931
2.770
0.988
-1.056
-2.536
-4.185
-5.740
-4.979
-4.411
-4.210
-3.629
-3.432
-3.604
-5.549
-6.943
-7.243
-7.145
-5.062
-3.372
-3.016
-3.058
-3.090
-3.105
-3.610
-3.701
-3.597
-3.200
-3.381
-4.052
-5.778
-9.036
-9.542
-10.091
-12.309
-13.415
-14.434
-14.606
-14.386
-14.323
-14.113
-14.000
-14.055
-15.153
-16.631
-17.103
-17.498
-17.009
-13.822
-10.818
-9.070
-7.092
-5.105
-3.109
-1.093
0.257
0.858
1.421
2.465
4.464
6.759
7.687
8.242
10.233
12.213
14.061
16.849
19.541
20.751
20.890
21.772
23.023
24.341
26.552
30.185
32.785
32.427
31.380
30.055
28.543
27.193
25.561
23.723
21.820
20.406
19.348
18.050
15.971
13.159
9.792
6.239
2.727
-0.676
-3.715
-6.661
-9.063
-10.803
-13.435
-17.191
-20.770
-23.369
-25.099
-26.180
-26.520
-26.465
-26.263
-25.682
-23.958
-21.395
-19.397
-17.899
-16.508
-15.501
-14.247
-11.773
-10.723
-8.915
-3.406
-0.161
0.820
1.759
1.618
1.619
1.792
1.987
2.181
2.435
2.619
2.977
3.106
3.524
3.471
3.541
5.752
5.798
3.966
3.025
3.337
2.330
-1.613
-3.165
-3.902
-4.675
-3.917
-3.734
-3.623
-3.460
-2.588
-0.712
0.997
2.477
3.931
5.166
5.942
6.008
6.248
5.308
4.197
5.961
7.168
7.128
6.040
6.392
7.414
4.424
3.101
3.916
4.230
5.005
5.611
5.850
4.839
3.884
3.372
2.526
1.652
1.724
1.622
0.317
-1.360
-2.919
-4.473
-5.836
-5.988
-6.054
-5.524
-5.597
-5.484
-4.874
-7.025
-7.157
-8.190
-12.277
-13.247
-13.147
-13.412
-13.972
-14.417
-12.312
-9.192
-6.830
-5.100
-4.510
-4.707
-4.659
-4.532
-4.334
-4.060
-3.938
-3.628
-3.530
-2.560
0.520
2.051
1.734
1.850
1.723
1.817
1.715
2.200
4.553
7.209
9.579
11.775
13.285
13.352
12.830
12.355
11.168
9.795
8.322
6.621
6.246
6.491
5.676
4.520
3.731
4.481
5.104
3.610
2.868
2.971
3.010
3.295
3.768
5.729
7.916
9.176
10.070
10.965
12.186
12.250
11.034
9.796
9.424
7.411
4.489
3.875
4.078
1.956
-1.958
-0.884
-2.788
-8.777
-8.551
-9.097
-9.647
-8.775
-8.723
-7.797
-7.219
-6.144
-5.150
-4.593
-5.876
-7.638
-8.860
-10.408
-12.170
-15.304
-16.747
-17.887
-19.049
-17.384
-15.741
-14.339
-13.526
-12.393
-10.482
-11.093
-10.507
-7.381
-4.728
-2.172
-0.181
1.224
2.486
3.744
4.811
5.584
6.024
6.407
6.742
6.547
6.774
6.287
6.449
9.097
9.841
9.255
9.763
9.166
10.285
12.283
10.522
9.596
9.620
8.180
7.832
7.325
7.030
6.450
5.211
4.201
2.581
1.404
-0.675
-2.533
-2.684
-2.176
-3.211
-5.029
-2.737
-1.203
-1.961
-2.062
-1.253
1.549
1.484
-0.261
-0.225
-0.044
-0.079
-0.567
-1.088
-1.727
-2.423
-3.024
-3.718
-4.318
-4.726
-4.734
-4.694
-4.837
-4.871
-5.592
-6.110
-5.172
-4.713
-4.896
-4.148
-2.462
-0.620
0.634
1.233
1.739
2.373
2.937
3.515
4.131
4.582
4.695
4.356
4.182
4.056
4.058
4.112
4.003
4.151
3.801
3.762
2.731
0.808
0.433
-0.323
-0.538
-0.365
-1.318
-1.875
-1.921
-1.851
-1.851
-1.870
-1.822
-2.089
-3.202
-4.312
-4.634
-5.078
-5.472
-5.555
-5.586
-5.404
-5.114
-4.913
-6.189
-8.805
-8.430
-6.138
-5.558
-5.386
-5.642
-4.826
-2.733
-2.543
-2.971
-2.936
-3.198
-2.857
-1.573
-0.431
0.990
2.687
4.573
5.977
6.462
7.035
7.464
8.355
9.365
11.074
10.694
10.482
13.982
13.959
13.024
12.605
11.740
11.340
7.883
4.695
2.536
0.494
-0.415
-0.780
-0.846
-0.843
-0.566
-0.437
-0.405
-0.675
-0.879
-1.115
-1.355
-1.600
-1.858
-2.264
-3.595
-4.377
-4.407
-4.284
-4.403
-3.780
-2.613
-4.417
-6.458
-6.833
-7.143
-7.251
-7.371
-7.281
-7.307
-7.606
-9.838
-11.698
-10.481
-9.474
-8.538
-8.090
-8.635
-9.116
-8.644
-6.081
-3.033
-0.061
3.148
7.085
10.588
12.214
13.805
15.645
16.720
16.365
16.264
17.180
16.924
15.771
14.251
12.104
10.427
9.367
8.212
7.159
6.210
5.278
4.379
3.340
2.997
3.493
3.938
2.859
1.070
0.822
0.568
-0.595
-1.660
-2.889
-4.036
-5.221
-6.421
-7.539
-8.835
-9.906
-10.870
-10.706
-9.183
-8.754
-8.946
-8.791
-8.906
-8.802
-8.821
-8.798
-8.740
-8.561
-7.409
-6.571
-5.131
-4.827
-6.997
-7.197
-6.560
-6.357
-5.772
-5.439
-5.066
-5.508
-6.114
-6.184
-5.807
-5.439
-5.108
-4.780
-4.854
-4.755
-4.869
-4.065
-0.960
1.064
1.099
1.941
2.091
3.622
6.490
5.663
5.275
6.726
7.543
8.029
7.936
7.815
7.472
6.769
5.965
5.024
4.321
4.312
4.662
5.173
5.161
4.658
3.404
1.489
1.445
1.505
0.370
-0.294
0.502
1.675
1.546
1.540
1.609
1.561
1.662
1.794
2.257
2.795
3.918
4.517
3.757
2.920
2.412
2.064
1.945
1.654
1.760
1.816
2.260
3.206
3.795
5.087
5.745
7.258
6.212
1.292
0.958
2.060
2.153
2.423
1.618
2.050
1.166
-1.725
-3.510
-4.811
-5.956
-6.600
-7.251
-7.982
-8.483
-8.451
-8.386
-8.334
-7.950
-7.514
-7.079
-6.526
-5.433
-4.532
-4.320
-4.277
-3.984
-3.221
-2.436
-1.742
-1.089
-1.332
-2.226
-3.675
-6.701
-9.233
-9.979
-10.021
-9.698
-9.415
-9.029
-8.603
-8.099
-7.719
-6.833
-4.534
-2.081
-0.097
1.061
1.763
2.853
4.242
6.121
7.451
7.647
7.743
8.015
8.132
8.353
8.561
9.161
10.497
11.634
12.911
13.271
12.168
10.716
9.265
9.644
11.460
12.489
12.250
11.370
10.267
8.780
7.378
5.985
4.630
3.409
1.950
0.343
-1.349
-2.797
-3.975
-5.113
-6.394
-7.999
-8.903
-8.793
-8.714
-8.761
-8.662
-8.730
-8.266
-6.317
-4.047
-2.133
-0.158
1.573
2.933
4.016
5.210
6.177
6.381
6.405
6.452
6.518
6.636
6.760
6.886
6.988
7.142
7.222
7.462
7.552
7.798
7.360
5.171
3.020
1.010
-0.931
-2.310
-3.725
-5.211
-6.374
-6.728
-6.907
-7.267
-7.274
-6.807
-6.257
-5.860
-5.608
-5.510
-5.282
-5.001
-4.941
-5.169
-5.705
-6.307
-7.133
-7.601
-7.326
-6.741
-6.346
-6.530
-6.694
-6.776
-5.459
-3.554
-3.411
-2.688
-1.833
-1.892
-1.777
-2.047
-2.230
-2.530
-2.419
-1.205
0.766
2.270
2.327
2.647
2.061
2.508
3.901
2.620
2.491
3.607
3.958
3.194
2.942
3.747
1.960
0.384
0.168
-0.214
-0.248
-0.155
0.151
0.356
0.947
1.770
2.617
3.096
2.126
0.946
0.713
0.244
-0.258
-1.375
-4.033
-4.584
-3.230
-2.586
-2.040
-1.310
-0.005
0.938
0.881
0.765
0.534
0.556
0.852
1.081
1.352
1.468
1.335
1.060
1.244
2.638
4.669
6.565
8.855
10.423
9.670
9.113
9.963
10.483
10.365
10.330
10.044
8.740
7.129
5.588
4.066
2.857
1.714
0.586
-0.158
-0.742
-1.336
-2.044
-3.505
-5.082
-6.545
-6.163
-4.723
-5.568
-6.784
-7.258
-6.843
-5.236
-3.381
-1.210
0.756
2.035
3.452
4.657
4.110
3.401
3.127
3.459
4.032
4.032
