981
50
0.015456636
0.01528398
0.015184899
0.015030882
0.014912181
0.014750316
0.014657121
0.014492313
0.014382441
0.014217633
0.014130324
0.013894884
0.013795803
0.013629033
0.013521123
0.01336122
0.013259196
0.013099293
0.012979611
0.012818727
0.012719646
0.012814803
0.012714741
0.012567591
0.012812841
0.012693159
0.01263528
0.012102597
0.012024117
0.011882853
0.011298177
0.011149065
0.010483947
0.010303443
0.01018278
0.010001295
0.010578123
0.010426068
0.011109825
0.010992105
0.010935207
0.010811601
0.011684691
0.010595781
0.010527111
0.010391733
0.009181768
0.009022061
0.00891886
0.008772102
0.008674198
0.008533327
0.008441799
0.009792146
0.009716805
0.009612525
0.009532573
0.009417502
0.009347066
0.009243473
0.009167837
0.00906444
0.009002048
0.006814615
0.006718477
0.006582608
0.006505698
0.0063662
0.006259565
0.006153323
0.00605434
0.008566386
0.008457201
0.008372443
0.008296513
0.008195765
0.008111595
0.008017615
0.007939037
0.004636795
0.004578425
0.00443412
0.004360839
0.004229483
0.004165915
0.004044467
0.003985411
0.007722334
0.007669164
0.007569494
0.007496115
0.007387519
0.007312865
0.002819786
0.007230755
0.007103715
0.002402763
0.002310059
0.002246
0.002141033
0.002063435
0.001972497
0.007106266
0.00698884
0.00691605
0.006819127
0.006747514
0.006666287
0.006582608
0.000593642
0.000554569
0.000472587
0.00041874
0.000322141
0.000282695
0.00666256
-1.5385E-06
-6.59448E-05
-0.000120369
-0.000218626
-0.00026076
-0.000326418
-0.000364883
0.006892898
0.00678852
0.006681493
0.006604092
0.006495692
0.006389253
0.00626653
-0.001915893
-0.001951994
-0.001992117
-0.002052154
-0.002096593
-0.002148488
-0.002189102
0.006636759
0.006512761
0.006409952
0.006303023
0.006191385
0.006076706
0.005986454
0.005863045
-0.004052413
-0.004056631
-0.0041099
-0.014294151
-0.014205861
-0.014150925
-0.014061654
-0.003380722
0.007322773
0.007163164
0.007058982
0.006928411
0.006815792
0.006667661
0.006555434
0.006418781
0.006316855
0.006162936
0.006073862
0.005927987
-0.006421528
-0.006390234
-0.006407303
-0.01898235
-0.018820485
-0.018687069
-0.005586991
0.007450695
0.007320516
0.007152471
0.007027492
0.006868864
0.006712296
0.006572013
0.006412405
-0.007774621
-0.007734106
-0.022059747
-0.036284247
-0.10878309
-0.16613235
-0.17907174
-0.2067948
-0.17416674
-0.081090441
-0.080340957
-0.063800316
-0.04769622
-0.17273448
-0.51840945
-0.76578822
-0.53118207
-0.42818688
-0.56905848
-0.16654437
0.49643505
0.47231226
-0.12177153
-1.0443726
-1.5398757
-0.86599737
-0.049680783
-0.38066724
-0.091427238
2.0753055
2.2005792
-1.1285424
-3.7137717
-3.2415183
-1.9458135
-2.2134303
-1.2165381
0.48663486
0.04634244
-2.4892875
-5.4598536
-3.066606
2.2201011
3.5691723
3.3734628
6.4517427
9.2512224
5.5228338
4.4032185
2.5710048
-4.5222138
-7.5111246
0.41913225
10.260279
1.3682988
-5.6846007
3.054834
10.998972
16.821207
25.183251
25.961184
12.597021
0.5557365
-3.3340266
-1.9596456
8.8009434
0.27656352
-31.698072
-38.231532
-27.542556
-16.628931
-7.117155
-0.4255578
0.51006114
-15.477237
-23.359572
-18.044514
-9.3692367
4.4745372
10.057212
-0.318825
-11.761209
-11.249127
-8.1979227
-5.8171338
-1.4110704
-1.0064079
-2.3933457
-8.5831614
-19.07064
-13.778145
23.045652
56.398671
38.462067
1.6182576
-11.374695
7.3150227
26.446779
11.691558
-9.827658
-19.833858
-23.176125
-10.554579
-7.4848338
-2.8121346
13.39065
17.337213
25.395147
29.369178
27.532746
34.454682
6.301944
-21.863547
-35.084484
-23.13198
24.182631
18.458496
7.7501943
13.038471
11.289348
21.50352
4.8710574
-17.476515
-22.854357
-19.887813
-12.110445
-26.376147
-25.850331
-13.605489
-12.848157
7.2739188
21.745827
20.656917
15.006357
-0.78547689
-4.150611
14.942592
23.162391
16.306182
14.613957
14.192127
-10.62423
-24.817338
-3.6069408
33.63849
25.676694
-23.245776
-40.306347
-13.912542
3.3982821
-13.521123
-25.014519
11.951523
40.375998
-1.0550655
-59.050314
-67.350555
-11.6739
25.204833
-0.87294285
-7.0261182
23.466501
45.040653
29.722338
-15.898086
-20.656917
44.36082
84.539637
47.305782
12.294873
38.967282
86.231862
75.558582
7.4287206
-30.645459
-8.8443036
16.39251
3.5363088
-13.073787
2.445633
43.993926
100.31706
157.21506
191.22633
210.55203
237.37257
263.21211
280.61505
301.82427
281.67453
167.64309
25.291161
-90.542376
-212.74947
-376.6059
-494.19837
-527.15997
-523.83438
-519.59646
-533.30103
-573.6888
-604.18809
-519.10596
-304.47297
-87.502257
47.259675
114.81624
180.51381
219.96963
216.72252
211.65075
202.7727
173.60757
121.78134
54.954639
13.513275
37.657647
83.848032
116.67033
150.89742
178.23789
200.25153
217.41903
231.50619
258.42483
310.22163
375.2325
425.94039
440.02755
426.95082
411.76494
408.95928
403.45587
346.35186
212.20992
32.728122
-144.04023
-285.14727
-366.35445
-413.24625
-454.92894
-495.72873
-553.6764
-624.18087
-694.16541
-764.63064
-805.72473
-781.2684
-658.86903
-464.46426
-280.80144
-138.29157
-24.659397
52.930836
93.785562
139.80231
215.5257
286.75611
335.15865
374.49675
379.99035
341.01522
290.50353
231.4179
138.96846
27.508221
-50.487165
-77.964975
-94.096539
-116.11116
-126.97083
-130.28661
-143.98137
-149.32782
-132.86664
-85.679559
6.9114393
89.293563
120.78072
149.112
165.2004
122.97816
58.808988
24.869331
30.851469
74.425527
126.23508
151.65279
168.79086
200.69298
241.55163
278.94735
301.43187
296.18352
258.84666
208.11915
163.83681
120.00573
71.532558
34.975593
25.069455
27.721098
15.835302
9.2693709
35.986023
59.889069
60.284412
35.169831
19.405161
47.846313
73.250289
43.081596
28.24299
36.233235
-32.522112
-139.72383
-168.59466
-124.21422
-69.230151
-46.272789
-27.445437
3.2378886
3.0831849
4.1750379
78.072885
175.5009
226.36575
204.96033
131.72868
60.832791
-5.3001468
-77.144859
-168.87915
-281.4489
-387.28899
-467.37783
-526.1103
-582.92001
-651.92355
-705.76083
-663.38163
-476.94258
-197.28891
87.536592
275.77872
291.7494
318.16773
425.32236
392.33133
250.3512
125.4699
-4.3094349
-152.57493
-263.61432
-303.02109
-287.03079
-205.53912
-71.594361
72.310491
204.6366
312.3504
421.86924
494.0316
527.43465
561.17124
567.86166
519.05691
436.61367
340.7013
244.08261
150.55407
24.066873
-150.41673
-294.09399
-334.38366
-280.85049
-230.37804
-246.89808
-314.97948
-358.74189
-311.58522
-188.39124
-56.789109
18.043533
23.091759
26.994177
27.181548
-1.0257336
-31.638231
-57.646503
-87.039225
-96.595146
-31.641174
83.723445
164.43522
191.26557
221.40189
313.90038
414.62946
448.53282
377.76348
215.68266
23.770611
-158.91219
-318.75633
-447.88536
-530.47575
-528.82767
-428.63814
-320.4927
-249.80184
-182.88783
-110.66661
-46.151145
20.918844
30.078441
-68.300163
-189.97065
-249.90975
-208.81566
-112.21659
-40.011066
45.423243
173.16612
305.27739
391.88007
413.55036
409.72446
388.476
358.30044
327.24198
290.83707
254.06919
195.53292
85.835538
-44.293131
-164.86686
-268.61742
-350.28567
-387.30861
-347.10723
-249.62526
-163.9251
-89.171919
0.57137364
54.702522
55.61289
22.256928
-25.419672
-74.434356
-116.40546
-142.13709
-165.06306
-199.13319
-231.30018
-269.27469
-271.42308
-227.64105
-177.81606
-119.95668
-71.580627
-49.65822
-29.605599
20.250783
93.271518
170.13483
239.84469
290.77821
312.78204
292.02408
233.06598
175.8933
148.83732
133.86726
113.38398
101.08224
107.00748
113.0112
118.54404
123.9003
123.36075
125.62686
131.42457
127.95183
100.58193
42.748056
-46.64655
-153.21258
-242.38548
-276.06321
-243.8766
-184.89888
-127.09836
-75.633138
-41.274594
-10.332873
25.042968
65.878074
95.071653
90.691488
64.748943
53.742123
64.261386
78.336774
101.06262
133.28847
146.0709
111.64761
46.905534
-24.490665
-96.45192
-154.61541
-188.24409
-202.21353
-188.60706
-129.94326
-45.572355
25.504038
73.274814
108.29259
133.5141
143.30448
133.54353
105.41826
56.744964
-0.21945951
-49.120632
-88.869771
-118.54404
-138.4191
-157.75461
-179.55243
-179.36604
-145.49211
-105.34959
-69.047685
-20.663784
39.958092
101.5335
158.08815
195.48387
205.04862
188.50896
140.84217
75.828357
23.562639
-1.8372168
-8.2473651
-25.060626
-66.696228
-107.92962
-129.2958
-143.77536
-160.50141
-156.47931
-108.68499
-37.470276
26.123049
72.581247
105.58503
131.05179
152.49645
162.2574
147.58164
118.33803
76.388508
19.017666
-18.051381
-33.290235
-42.26148
-49.440438
-51.691833
-30.941721
2.9976417
32.227812
56.081808
71.422686
81.771255
88.796196
79.590492
55.711971
30.063726
5.9835114
-25.716915
-58.865886
-77.149764
-92.864403
-111.31407
-107.68437
-93.23424
-67.9833
-29.684079
2.1635955
27.945747
50.819724
62.717292
60.960321
60.300108
72.344826
78.329907
66.373479
55.25973
51.821325
50.677479
46.104057
38.084382
21.361275
1.7026236
-9.865917
-33.469758
-61.574427
-64.792107
-64.984383
-73.526931
-67.303467
-58.653009
-63.000801
-70.655544
-76.301199
-79.691535
-75.903894
-73.905597
-77.977728
-69.328251
-45.9108
-27.782901
-16.816302
-2.4792813
23.674473
52.295148
73.802592
83.346741
85.667787
83.918664
66.306771
39.42639
16.742727
-10.026801
-49.245219
-77.307705
-87.400233
-94.318245
-87.009795
-62.624097
-43.270929
-28.573587
-6.7167108
16.923231
27.375786
39.067344
65.200203
83.232945
79.935804
62.471061
36.273456
4.6375794
-19.625886
-33.990669
-49.382559
-67.93425
-84.466062
-94.389858
-93.608982
-79.100973
-52.441317
-29.310318
-17.611893
-3.1474404
19.059849
35.755488
33.65811
24.555411
29.089593
42.275214
44.549172
34.880436
31.380228
28.273401
19.908414
16.154127
12.899169
0.09894366
-20.004552
-35.242425
-41.902434
-46.566108
-52.914159
-59.396607
-50.191884
-16.405263
27.685782
65.161944
93.247974
110.21535
106.80147
87.553269
69.309612
54.139428
32.644737
3.6992529
-23.130018
-40.851783
-48.464343
-54.962487
-74.656062
-91.728405
-82.528587
-56.373165
-37.028826
-26.637093
-12.168324
9.1386036
18.963711
6.2849727
-17.154747
-36.36567
-45.119133
-49.759263
-55.453968
-60.516909
-66.523572
-65.71719
-49.89366
-23.575392
5.9671287
38.890764
74.008602
106.91919
139.77288
168.82029
181.34766
180.52362
179.21889
176.27589
157.52898
121.59495
82.957284
48.129822
13.663368
-19.156968
-45.499761
-60.195141
-65.767221
-64.566477
-56.200509
-47.023254
-38.89665
-26.214282
-14.850378
-18.527166
-26.856837
-26.710668
-27.19332
-38.14128
-48.453552
-45.079893
-32.22585
-24.78006
-25.004709
-11.076471
25.422615
67.007205
95.660253
112.01058
119.59371
111.92229
89.322993
56.876418
17.312688
-20.378313
-47.785491
-68.703354
-89.963586
-107.07615
-110.09763
-97.71741
-74.995488
-47.895363
-15.396795
17.437275
44.619804
63.640413
70.289631
71.630658
76.934925
78.773319
66.895371
48.042513
32.737932
21.810573
15.282018
14.922972
14.816043
5.2488405
-8.5122351
-16.257132
-24.297408
-36.52263
-46.64655
-58.205673
-73.276776
-84.42486
-91.254582
-86.976441
-62.252298
-41.059755
-37.655685
-34.402689
-26.650827
-19.412028
-16.20612
-23.231061
-33.865101
-30.758274
-15.851979
0.80109441
18.145557
27.867267
27.029493
26.275104
23.474349
12.454776
1.2693159
-3.9506832
-12.054528
-23.519475
-23.121189
-15.16626
-10.282842
-5.2418754
0.28310679
10.024839
23.477292
30.142206
29.814552
25.607043
11.152008
-5.9096421
-14.988699
-23.183973
-29.329938
-26.881362
-26.389881
-30.565998
-29.068992
-21.07188
-16.522983
-16.233588
-13.091445
-4.4780688
1.190934
-0.021192543
0.041383485
1.7183196
1.0530054
0.94224069
1.0937169
-3.2307273
-12.177153
-21.139569
-25.705143
-28.55691
-29.947968
-21.296529
-1.1071566
20.469546
34.814709
37.217178
24.697656
3.557106
-17.802207
-34.957935
-46.107
-53.766648
-55.383336
-43.388649
-19.811295
7.4870901
39.036933
76.485627
110.39193
133.9065
146.69874
148.48416
141.27381
126.67653
101.4354
65.895732
27.648504
-12.236994
-52.813116
-85.765887
-110.50965
-129.53124
-133.22961
-116.27793
-90.28143
-65.782917
-46.134468
-19.449306
17.384301
48.761586
67.187709
75.91959
67.539888
38.112831
4.4182278
-23.795136
-48.723327
-67.378023
-81.098289
-93.718854
-97.52121
-86.177907
-62.504415
-30.521853
3.9177216
31.868766
50.942349
62.530902
64.396764
55.829691
45.061254
33.192135
14.738544
-4.4562906
-14.449149
-16.503363
-17.617779
-15.085818
-1.3944915
17.766891
31.175199
34.46253
32.340627
28.200807
17.256771
-1.3902732
-22.264776
-40.074831
-50.662764
-46.264941
-24.253263
0.43153209
9.6223347
14.873922
32.104206
50.10948
55.854216
47.252808
30.309957
12.613698
2.4774174
2.8785483
6.070428
9.1709766
14.694399
17.600121
10.694862
-1.0902834
-10.323063
-13.885074
-11.694501
-13.41027
-23.875578
-31.805982
-30.168693
-22.168638
-11.794563
-3.7853847
-1.3924314
1.8298593
10.492776
20.446002
29.551644
36.541269
37.832265
34.74702
30.858336
25.521696
15.231006
0.89962605
-15.649893
-33.161724
-41.498262
-35.868303
-28.231218
-29.277945
-36.006624
-38.279601
-32.269014
-21.427983
-8.0160453
7.4798307
19.552311
26.826426
31.155579
32.201325
30.486537
24.715314
15.5979
11.914245
13.974345
12.126141
9.894366
12.317436
12.575439
8.026542
4.5118152
6.7402548
7.7482323
5.8525479
6.8672943
3.5116857
-7.7390109
-15.416415
-16.572033
-15.469389
-13.094388
-6.9205626
-1.6577919
-3.9909042
-8.9656533
-10.269108
-10.046421
-10.210248
-8.5347981
-8.5253805
-10.693881
-8.661249
-6.3650223
-6.6215538
-3.9070287
-2.7043227
-3.6849303
-2.7439551
-4.4466768
-11.25207
-18.183816
-20.879604
-19.21779
-13.624128
-4.6145259
8.1270945
22.109778
32.926284
37.921536
37.747899
30.602295
17.420598
3.7853847
-9.3624678
-23.797098
-35.780013
-42.905997
-42.931503
-34.670502
-24.203232
-15.427206
-5.4813375
5.5873836
13.999851
18.487926
20.626506
20.438154
17.554014
10.333854
0.095547438
-6.5695608
-9.5311017
-13.236633
-15.250626
-13.023756
-9.088965
-3.6338202
3.6990567
7.0087545
4.3140456
1.2649014
-0.26699877
0.095504274
1.3270968
0.083779362
-3.0318786
-5.5155744
-4.7540241
0.091777455
6.4899036
13.075749
20.785428
28.171377
32.301387
35.446473
37.484991
34.794108
25.72182
12.834423
2.2616955
-5.2105815
-11.969181
-17.397054
-19.331586
-17.410788
-13.062015
-8.0886393
-3.6986643
1.6483743
9.351873
14.448168
10.728216
0.42513597
-10.247526
-18.182835
-19.143234
-14.90139
-11.638584
-8.2540359
-1.8844029
5.1731073
9.6369516
10.454517
9.74133
6.6965022
-1.00062
-7.3998792
-8.2712034
-6.9222303
-5.7665142
-2.7967329
0.93880719
2.2510026
3.7306449
5.9086611
6.0269697
2.5848369
-2.4347439
-4.24773
-3.9788379
-1.9554273
4.1062698
9.0537471
9.7293618
6.8662152
4.0667355
2.9150415
2.4110037
3.5812386
5.8155642
9.6704037
15.771537
21.334788
24.563259
25.94745
22.565943
12.515598
-0.68688639
-13.967478
-26.15346
-34.616547
-39.264525
-45.332991
-52.440336
-53.439975
-45.841149
-32.649642
-19.93392
-9.0101907
2.6572347
13.005117
21.490767
28.471563
31.914873
29.961702
24.006051
16.25517
8.0963892
0.62458308
-6.1902081
-9.6807042
-7.9886754
-2.8948329
5.3071119
13.797765
16.30422
15.153507
14.64633
12.995307
11.042136
9.3400029
5.2902387
-0.65616147
-5.7354165
-7.7865894
-6.17049
-2.3998203
1.8175968
4.6200195
6.9045723
9.871803
9.3913092
4.1178456
-3.0160845
-9.5974173
-15.033825
-17.627589
-14.299056
-5.8296906
4.3663329
12.239937
15.334992
13.353372
7.0026723
-2.0907072
-11.521845
-19.728891
-26.052417
-28.891431
-27.548442
-23.53419
-15.48018
-3.2028669
7.6595499
14.818005
20.703024
24.14241
24.439653
22.655214
17.692335
10.610496
5.3118207
5.0926653
7.2337959
5.8074219
0.61962903
-4.7942451
-6.4372239
-3.880836
-1.0837107
0.12072186
-0.3911247
0.24305256
3.4963821
5.9343633
6.2237583
5.854608
5.5810071
5.0729472
4.4570754
4.8335832
5.0797161
4.2194772
0.46773099
-8.5374468
-18.735138
-23.981526
-22.869072
-19.359054
-18.504603
-19.032381
-16.768233
-10.633059
-1.3339638
7.0266087
11.82105
15.709734
19.018647
19.560159
17.264619
12.358638
7.8120954
3.9857049
-0.2778192
-2.8774692
-3.3846462
-2.1278871
0.66814929
4.0297518
7.0448553
10.009143
12.382182
11.164761
6.1492023
-0.70443648
-6.1164369
-8.1994923
-8.599446
-10.101357
-11.168685
-9.886518
-7.3193391
-2.2764105
2.021841
1.4974965
0.828945
3.684636
3.8683773
2.4228738
2.9672307
3.1378266
1.7615817
1.5164298
2.6695953
3.9669678
5.2759161
5.0382198
1.3947858
-4.9837743
-9.0533547
-7.5735162
-5.2903368
-5.1012
-4.8315231
-3.1295862
-0.85019346
0.5304267
0.15672456
-4.2734322
-10.753722
-13.428909
-12.47832
-10.495719
-6.7160241
-2.3424318
0.46634778
2.7474867
5.8120326
5.546574
2.1057165
2.1587886
5.034492
4.4536419
-2.0062431
-7.6666131
-7.5264282
-4.7592234
-1.453842
0.80121213
1.120302
1.913931
5.2066575
7.9788654
8.0300736
6.9819732
5.4476892
2.4060006
-0.9844335
-0.53812755
2.1097386
3.0472803
3.405051
4.5470331
5.9123889
7.8638922
9.2746683
7.6217814
3.647358
-0.13612356
-3.6970947
-7.6299237
-9.7242606
-8.5752153
-5.1721263
-1.4635539
0.91124109
2.2197087
2.5578594
0.19331586
-2.9196522
-4.6624968
-6.261723
-6.7839093
-6.2292519
-8.4431727
-12.504807
-14.57766
-14.59728
-13.960611
-12.470472
-9.889461
-7.0915509
-2.7404235
2.8168434
5.739831
6.0934815
7.9786692
11.425707
14.948478
17.2656
16.955604
14.630634
11.319759
6.9530337
0.97822377
-5.7630807
-9.2810448
-9.1447839
-7.7033025
-4.3959591
-0.8635743
0.45908838
2.1862566
4.7860047
5.9630085
5.4920304
4.4466768
2.8452924
-0.26034759
-4.0035591
-6.6186108
-7.6837806
-6.2168913
-1.6903611
3.26673
8.4616155
12.524427
13.224861
12.722589
10.570275
6.3236241
2.9669364
0.50690232
-0.87036282
0.45539001
3.4644015
5.3963829
4.5654759
3.5281665
3.8672982
4.3050204
3.7616445
3.0630744
3.1692186
2.3484159
0.92285613
0.36835569
-0.12873663
-2.3705865
-4.5203499
-3.8128527
-2.5001766
-1.5772518
1.1117673
2.3490045
-0.82339254
-3.3290235
-3.9247848
-4.6586709
-5.4537714
-4.4956287
-1.537227
1.5663627
3.3381468
3.5282646
2.9146491
3.6223425
4.7762928
4.3396497
3.5888904
4.5463464
5.5389222
5.1423039
3.298122
2.1280833
2.0984571
2.3952096
1.9690632
-0.082424601
-2.9144529
-7.0470135
-11.248146
-12.53718
-11.702349
-10.297557
-8.8514649
-8.6821443
-8.8379271
-7.7693238
-5.9901822
-5.3683263
-6.9858972
-8.5836519
-8.6731191
-8.7904467
-8.6640939
-7.9746471
-6.6716829
-3.7089648
0.34219242
4.6473894
8.1498537
10.273032
10.934226
10.423125
9.920853
9.2172798
7.1964198
3.1358646
-0.71961255
-2.3567544
-2.06991
-0.46180575
1.1790639
0.31812849
-1.2613698
-0.4899114
0.55712952
-0.021008115
-1.1809278
-2.9604618
-3.1925664
-0.66770784
2.605536
5.42493
7.0359282
6.6512781
4.8488868
3.0039201
0.44891541
-4.6703448
-9.4287834
-9.858069
-8.353215
-7.4713941
-6.3757152
-4.0716405
-0.76470912
2.1269061
4.6153107
7.2194733
8.0134947
6.790482
3.9564711
0.34904961
-3.3349095
-6.7035654
-8.3087757
-8.8810911
-8.5477473
-6.6232215
-3.0740616
-0.04478265
2.0431287
3.484512
4.7287143
5.1418134
4.0611438
2.9744901
3.3076377
4.8486906
5.5433367
5.6999043
5.7327678
5.9441733
7.0405389
7.7752098
8.5342095
8.6796918
8.4364038
7.1808219
2.9985246
-1.2834423
-5.0055525
-8.4420936
-10.499643
-11.594439
-12.287025
-12.101616
-10.410372
-6.3733608
-2.3343876
-1.3986117
-1.6345422
-1.420488
-1.5078951
-1.3839948
-1.2343923
-1.7107659
-0.45790137
3.1425354
5.6855817
7.5057291
9.3962142
10.8891
10.633059
7.5074949
3.8354157
2.3285997
2.3034861
1.4742468
0.55529505
0.26821521
0.67156317
1.8270144
1.6881048
0.31590162
-0.56049435
-0.022893597
0.23195745
-0.79415874
-0.90472725
0.14403042
1.4284341
2.3381154
2.06991
1.1539503
-0.477747
-2.4707466
-3.8183463
-4.6132506
-4.2605811
-3.1448898
-3.7483029
-6.1984485
-8.9229798
-10.766475
-9.922815
-6.4629261
-3.5822196
-2.3508684
0.09939492
4.309533
7.6181517
9.7218081
11.681748
12.886416
13.987098
15.060312
13.608432
9.252792
3.836691
-2.2146075
-8.1106137
-11.695482
-13.603527
-15.23493
-15.796062
-14.144058
-10.134711
-4.3345485
0.78949899
2.9870469
4.2633279
5.5899342
5.5307799
4.402728
1.9084374
-1.4540382
-3.3783678
-3.4625376
-3.5177679
-4.900095
-8.1252306
-11.636622
-13.855644
-14.37165
-12.565629
-8.7448302
-4.1097033
0.094317264
2.9151396
4.4121456
5.1347502
3.788622
0.31280166
-2.1659499
-1.6326783
0.24286617
1.5842169
2.7416988
4.6284561
6.106725
6.5847663
6.6053673
5.4355248
4.2708816
3.116637
1.2530313
0.60987789
2.5540335
5.0484222
6.2812449
4.8703707
1.0148445
-1.4692437
-1.5886314
-2.4133581
-4.6748574
-6.1526358
-5.102181
-2.5406919
-0.74588373
-0.13525047
0.07847019
0.73449432
1.6131564
1.1336436
-1.435203
-4.1059755
-5.2859223
-6.0668964
-6.4424232
-5.6206395
-4.101561
-1.5515496
0.91348758
1.0784133
-0.64938276
-2.3489064
-2.8843362
-3.0835773
-3.6844398
-3.8332575
-1.1617983
4.3552476
9.844335
12.195792
11.509092
10.1043
8.1204237
5.4719199
2.60946
0.22048956
-1.7637399
-2.4671169
-1.1456118
1.2573477
4.3743771
7.3650537
8.4208059
8.6947992
9.4066128
9.356778
7.7608872
4.9875021
1.3484826
-2.2452147
-4.5164259
-5.0576436
-4.5181917
-2.9483955
-1.035936
0.045565488
1.0674261
2.1065013
2.5002747
2.7971253
2.4912495
1.2407688
-0.47943432
-1.9055925
-2.6402634
-3.9361644
-5.8473486
-7.2222201
-7.9448247
-8.3441898
-8.2084194
-7.2509634
-5.5597194
-3.7330974
-1.9040229
-1.1327607
-0.84034422
-1.5280056
-4.5781308
-7.6790718
-8.6447682
-7.747938
-5.5710009
-2.9031714
-0.080021151
3.3113655
7.5248586
11.431593
13.522104
13.835043
13.358277
12.314493
10.425087
7.3046241
3.454101
-0.53707788
-4.2090786
-6.9136956
-7.6985937
-6.148908
-3.2150313
-0.58040865
0.46502343
0.15371289
-0.38755386
-1.0078794
-2.2601259
-3.880836
-3.6811044
-1.5671475
0.3354039
2.665377
2.6919621
0.4487094
1.2436137
0.79453152
0.90264753
4.2478281
2.7317907
-0.52247079
0.14407947
4.4908218
7.4916027
-1.8973521
-10.431954
-6.0030333
1.0773342
5.2696377
-1.0189647
-8.8361613
-7.1991666
-0.090794493
1.9337472
-3.9158577
-4.8499659
2.5932735
7.5320199
6.5190393
2.8878678
2.3297769
4.3161057
1.6693677
-2.9829267
-4.0195494
-1.1852442
1.2859929
-0.19644525
-2.620251
-1.5643026
1.4546268
2.3966811
0.06114573
-3.7076895
-5.3747028
-4.9414932
-5.5896399
-6.931746
-5.5669788
-2.551581
-1.4014566
-1.3708494
-1.6369947
-0.92395485
0.13610394
-1.342989
-3.5975232
-3.2477967
-2.168991
-2.0282175
0.89661438
3.8726937
5.4251262
7.251552
7.7501943
8.10306
8.9785044
7.3342503
3.6067446
0.27244332
-2.220984
-1.6478838
1.4617881
1.3912542
-1.0668375
-0.9836487
1.112454
2.0843307
1.8571311
-1.0033668
-5.0072202
-6.599187
-6.25878
-5.0623524
-2.4117885
1.7199873
5.5654092
6.0993675
3.9326328
2.3669568
1.1848518
-2.6326116
-8.4759381
-11.498301
-9.6339105
-3.9548034
2.0768751
2.4722181
-0.2948886
3.343248
10.912644
12.849138
8.9374005
4.6654398
2.7963405
0.74919951
-2.737971
-3.4253577
-3.3957315
-7.1609076
-11.184381
-10.038573
-4.6421901
-0.62012934
-0.96918876
-3.7889163
-2.0614734
6.9068286
15.67638
16.762347
11.472795
6.2377866
3.2930208
-0.60897537
-5.7553308
-9.5563134
-11.6739
-11.108844
-6.2336664
1.0052307
7.4901312
11.305044
12.199716
10.993086
6.5474883
-0.60895575
-7.9856343
-15.767613
-21.339693
-18.526185
-5.9912613
12.501864
28.207674
33.121503
26.297667
12.888378
-2.943
-18.031761
-27.884925
-31.652946
-30.474765
-23.775516
-11.79162
2.0553912
11.92896
15.36246
13.74381
8.7026472
4.0045401
0.81553473
-0.68240322
0.94080843
3.4054434
3.0032334
0.12621546
-2.8085049
-4.6525887
-4.9321737
-3.2340627
0.034209432
3.5299323
4.7526507
3.6834588
1.031031
-2.2495311
-5.7915297
-9.2575989
-9.7455483
-7.3431774
-4.167288
-0.11208906
4.6416015
7.5402603
6.8531679
4.3800669
1.9181493
0.85536333
2.1410325
4.1491395
5.2437393
6.0295203
6.618807
6.034131
3.5081541
-0.71983818
-5.5631529
-9.1264392
-10.803753
-10.641888
-8.5304817
-5.6008233
-3.4739172
-2.3584221
-1.8002331
-2.1441717
-2.8362672
-3.8613141
-5.3492949
-5.8519593
-4.1141178
-0.996696
1.7587368
3.8652381
5.5215585
5.8545099
4.893228
3.5258121
2.2151961
1.2683349
1.4009661
2.202345
2.7886887
3.0947607
2.6209377
1.7812998
1.0072908
-0.13803651
-1.6661304
-3.1417506
-3.0985866
-1.185048
1.5113286
4.8066057
7.615503
8.7316848
8.5565763
7.0851744
4.6829997
2.1300453
-0.81741825
-3.3770925
-5.4990936
-6.9613722
-6.8766138
-5.3369343
-3.1848165
-1.0166103
0.52258851
1.2884454
1.3545648
0.55797318
-0.48926394
-1.7435313
-2.9210256
-3.0032334
-1.7459838
0.66422529
3.3810165
6.3704178
9.534339
11.23245
10.061136
7.10244
5.0866812
3.9694203
2.0497995
-0.5131611
-2.6667504
-4.3710417
-5.5834596
-5.7698496
-5.4472968
-4.6837845
-3.6485352
-2.6229978
-1.032012
1.2493035
3.0562074
3.8559186
3.9554901
3.4284969
2.6448741
2.084625
1.0081737
-0.82764027
-2.1692853
-2.8995417
-3.1985505
-3.1944303
-3.3984783
-3.834729
-4.2019173
-4.4316675
-4.2793182
-3.7527174
-2.5712991
-0.53245737
1.0867518
1.9013742
2.1244536
1.7685468
1.0234773
0.20491128
-0.56798919
-0.8771121
0.63780696
1.6965414
2.5708086
2.9251458
2.9416266
3.3650262
4.0327929
3.3794469
0.88112439
-1.4477598
-3.2116959
-4.4609994
-4.7423502
-4.2266385
-2.3044671
0.45079893
2.3408622
3.1597029
3.4179021
3.133314
2.6917659
2.4547563
1.8283878
1.116378
0.9944397
0.9812943
0.88961985
0.9817848
1.2178134
1.034955
0.58851171
0.047434293
0.10131768
1.1561085
1.9447344
1.8808713
1.4933763
0.87992757
0.73335636
0.87928992
0.70740891
0.59009112
1.1696463
1.8719442
2.370096
2.8108593
2.8832571
2.6629245
2.3685264
1.8259353
1.0857708
0.49409046
0.33036156
0.10656603
-0.29207313
-0.32125788
0.064526256
0.47968938
0.43304283
-0.38883897
-1.5512553
-2.2539456
-2.5843464
-2.9340729
-3.0115719
-2.7422874
-2.3476311
-1.9130481
-1.4660064
-1.1327607
-0.65553363
0.084663243
0.62569161
0.68436522
0.38051028
-0.0076105
-0.41150007
-0.80696079
-1.1191248
-1.1463966
-0.83292786
-0.48517317
-0.36933669
-0.28431342
-0.1410678
-0.082907253
-0.15841188
-0.35951688
-0.62106129
-0.76078512
-0.78035607
-0.73650537
-0.64903941
-0.55084131
-0.41825916
-0.29762559
-0.28242009
-0.39265506
-0.54707427
-0.68381586
-0.76335534
-0.77941431
-0.76983975
-0.72885357
-0.62680995
-0.47604987
-0.33039099
-0.22267719
-0.16370928
-0.13465206
-0.11975067
-0.12533256
-0.15196671
-0.18480078
-0.21316149
-0.23363496
-0.2478987
-0.25944507
-0.2686959
-0.27539613
0
0
0
0
0
0
0
0
0
0
0
0
0
0
0
0
0
0
0
0
0
0
0
0
0
0
0
0
0
0
0
0
0
0
0
0
0
0
0
0
0
0
0
0
0
0
0
0
0
0
0
0
0
0
0
0
0
0
0
0
0
0
0
0
0
0
0
0
0
0
0
0
0
0
0
0
0
0
0
0
0
0
0
0
0
0
0
0
0
0
0
0
0
0
0
0
0
0
0
0
0
0
0
0
0
0
0
0
0
0
0
0
0
0
0
0
0
0
0
0
0
0
0
0
0
0
0
0
0
0
0
0
0
0
0
0
0
0
0
0
0
0
0
0
0
0
0
0
0
0
0
0
0
0
0
0
0
0
0
0
0
0
0
0
0
0
0
0
0
0
0
0
0
0
0
0
0
0
0
0
0
0
0
0
0
0
0
0
0
0
0
0
0
0
0
0
0
0
0
0
0
0
0
0
0
0
0
0
0
0
0
0
0
0
0
0
0
0
0
0
0
0
0
0
0
0
0
0
0
0
0
0
0
0
0
0
0
0
0
0
0
0
0
0
0
0
0
0
0
0
0
0
0
0
0
0
0
0
0
0
0
0
0
0
0
0
0
0
0
0
0
0
0
0
0
0
0
0
0
0
0
0
0
0
0
0
0
0
0
0
0
0
0
0
0
0
0
0
0
0
0
0
0
0
0
0
0
0
0
0
0
0
0
0
0
0
0
0
0
0
0
0
0
0
0
0
0
0
0
0
0
0
0
0
0
0
0
0
0
0
0
0
0
0
0
0
0
0
0
0
0
0
0
0
0
0
0
0
0
0
0
0
0
0
0
0
0
0
0
0
0
0
0
0
0
0
0
0
0
0
0
0
0
0
0
0
0
0
0
0
0
0
0
0
0
0
0
0
0
0
0
0
0
0
0
0
0
0
0
0
0
0
0
0
0
0
0
0
0
0
0
0
0
0
0
0
0
0
0
0
0
0
0
0
0
0
0
0
0
0
0
0
0
0
0
0
0
0
0
0
0
0
0
0
0
0
0
0
0
0
0
0
0
0
0
0
0
0
0
0
0
0
0
0
0
0
0
0
0
0
0
0
0
0
0
0
0
0
0
0
0
0
0
0
0
0
0
0
0
0
0
0
0
0
0
0
0
0
0
0
0
0
0
0
0
0
0
0
0
0
0
0
0
0
0
0
0
0
0
0
0
0
0
0
0
0
0
0
0
0
0
0
0
0
0
0
0
0
0
0
0
0
0
0
0
0
0
0
0
0
0
0
0
0
0
0
0
0
0
0
0
0
0
0
0
0
0
0
0
0
0
0
0
0
0
0
0
0
0
0
0
0
0
0
0
0
0
0
0
0
0
