981
100
0.07
0.07
0.07
0.07
0.07
0.07
0.07
0.07
0.07
0.07
0.07
0.07
0.07
0.07
0.07
0.07
0.07
0.07
0.07
0.07
0.07
0.07
0.07
0.07
0.07
0.07
0.07
0.07
0.07
0.07
0.07
0.07
0.07
0.07
0.07
0.07
0.07
0.07
0.07
0.07
0.07
0.07
0.07
0.07
0.07
0.07
0.07
0.07
0.07
0.07
0.07
0.07
0.07
0.07
0.07
0.07
0.07
0.07
0.07
0.07
0.07
0.07
0.07
-0.89
0.07
0.07
0.07
0.07
0.07
0.07
0.07
0.07
0.07
0.07
0.07
0.07
0.07
0.07
0.07
0.07
0.07
-0.89
0.07
0.07
0.07
0.07
0.07
0.07
0.07
-0.89
0.07
0.07
0.07
0.07
0.07
0.07
0.07
0.07
0.07
0.07
-0.89
0.07
0.07
0.07
0.07
0.07
0.07
0.07
0.07
0.07
0.07
0.07
0.07
0.07
0.07
0.07
0.07
0.07
0.07
0.07
0.07
0.07
0.07
-0.89
0.07
0.07
0.07
0.07
-0.89
0.07
-0.89
0.07
0.07
0.07
0.07
0.07
-0.89
0.07
0.07
0.07
0.07
0.07
0.07
0.07
0.07
-1.84
0.07
0.07
0.07
0.07
0.07
0.07
0.07
-0.89
0.07
0.07
0.07
0.07
0.07
0.07
0.07
0.07
0.07
0.07
0.07
0.07
0.07
0.07
0.07
-0.89
0.07
0.07
0.07
0.07
0.07
0.07
0.07
0.07
0.07
0.07
0.07
-0.89
0.07
0.07
0.07
0.07
0.07
0.07
0.07
0.07
0.07
-0.89
-0.89
0.07
0.07
0.07
0.07
0.07
0.07
0.07
0.07
0.07
0.07
0.07
0.07
0.07
0.07
-0.89
-0.89
0.07
0.07
0.07
0.07
0.07
0.07
0.07
0.07
0.07
0.07
0.07
0.07
0.07
0.07
0.07
0.07
0.07
0.07
0.07
0.07
-0.89
0.07
0.07
0.07
0.07
-0.89
0.07
-1.84
0.07
0.07
0.07
0.07
0.07
0.07
-0.89
0.07
0.07
0.07
0.07
0.07
0.07
0.07
0.07
0.07
0.07
-0.89
0.07
0.07
0.07
0.07
-0.89
0.07
0.07
0.07
0.07
0.07
0.07
0.07
-0.89
0.07
0.07
0.07
0.07
0.07
0.07
0.07
-0.89
-0.89
0.07
0.07
0.07
0.07
0.07
-0.89
0.07
0.07
0.07
-0.89
0.07
0.07
0.07
0.07
0.07
-0.89
0.07
0.07
-0.89
0.07
0.07
0.07
0.07
1.03
0.07
1.03
1.03
1.03
1.03
0.07
0.07
-0.89
-0.89
-0.89
-0.89
-0.89
-0.89
-0.89
0.07
-0.89
-1.84
-0.89
-0.89
0.07
0.07
0.07
1.03
1.03
0.07
-0.89
-0.89
0.07
1.03
1.03
1.98
1.03
0.07
0.07
0.07
-0.89
-0.89
0.07
1.03
1.98
1.03
0.07
-0.89
-1.84
-1.84
-0.89
1.03
1.98
1.03
1.03
1.03
-1.84
-2.8
-1.84
0.07
1.03
0.07
-0.89
-0.89
-1.84
-2.8
0.07
2.94
1.98
0.07
1.98
2.94
1.03
-1.84
0.07
1.98
1.03
-2.8
-4.72
-0.89
5.81
3.9
-1.84
-1.84
1.98
1.98
1.03
0.07
6.77
3.9
-2.8
-3.76
1.98
3.9
1.98
2.94
7.73
6.77
1.03
-1.84
0.07
2.94
0.07
-9.5
-12.37
-4.72
0.07
-4.72
-7.59
-1.84
4.86
-0.89
-11.41
-13.33
1.03
9.64
1.98
-4.72
-2.8
2.94
0.07
-6.63
-7.59
2.94
9.64
6.77
5.81
11.55
12.51
5.81
2.94
7.73
7.73
-0.89
-8.54
-7.59
-3.76
-4.72
-7.59
-6.63
-0.89
2.94
-1.84
-3.76
2.94
11.55
16.34
8.68
-4.72
-10.46
-4.72
1.03
-2.8
-4.72
0.07
7.73
2.94
-3.76
-0.89
4.86
1.03
-4.72
-0.89
6.77
3.9
-5.67
-9.5
-3.76
1.98
1.03
3.9
13.47
16.34
7.73
-0.89
-9.5
-17.16
-8.54
1.98
-4.72
-16.2
-15.24
-3.76
1.03
-8.54
-14.29
-1.84
12.51
12.51
9.64
12.51
11.55
0.07
-7.59
-4.72
-0.89
-4.72
-8.54
-2.8
6.77
13.47
15.38
12.51
10.6
9.64
1.98
-10.46
-20.98
-19.07
-8.54
-4.72
-8.54
-12.37
-6.63
2.94
9.64
9.64
7.73
9.64
9.64
4.86
4.86
14.43
18.25
1.98
-17.16
-19.07
-3.76
12.51
12.51
5.81
4.86
2.94
-7.59
-13.33
-3.76
6.77
2.94
-4.72
-2.8
0.07
-2.8
-9.5
-15.24
-19.07
-16.2
-8.54
0.07
6.77
15.38
22.08
19.21
10.6
3.9
7.73
18.25
20.17
0.07
-16.2
-12.37
0.07
2.94
-0.89
-2.8
-2.8
-1.84
-0.89
-0.89
-1.84
-2.8
-1.84
-11.41
-28.64
-28.64
-5.67
8.68
-0.89
-9.5
-3.76
-4.72
-15.24
-15.24
5.81
30.7
35.48
22.08
6.77
0.07
1.98
4.86
6.77
6.77
0.07
-3.76
10.6
24.95
26.87
17.3
8.68
0.07
-12.37
-27.68
-34.38
-27.68
-25.77
-32.47
-35.34
-26.73
-17.16
-14.29
-8.54
8.68
30.7
44.09
37.39
24
19.21
19.21
8.68
-3.76
-4.72
-5.67
-9.5
-11.41
-4.72
1.03
-5.67
-11.41
2.94
22.08
12.51
-20.03
-30.56
-5.67
16.34
7.73
-7.59
-5.67
-4.72
-16.2
-14.29
7.73
24.95
21.12
9.64
16.34
34.52
31.65
1.03
-18.11
-8.54
5.81
-9.5
-33.43
-31.51
-7.59
8.68
4.86
-4.72
8.68
39.31
42.18
1.98
-29.6
-17.16
9.64
3.9
-20.98
-26.73
-15.24
-12.37
-21.94
-23.86
-8.54
8.68
4.86
-12.37
-17.16
-12.37
-18.11
-20.98
-5.67
11.55
15.38
13.47
13.47
20.17
28.78
30.7
24
18.25
13.47
3.9
-4.72
-7.59
-3.76
5.81
8.68
0.07
-2.8
10.6
23.04
20.17
-0.89
-20.03
-20.03
-14.29
-22.9
-40.13
-41.08
-25.77
-7.59
17.3
40.27
41.22
26.87
20.17
20.17
6.77
-11.41
-8.54
3.9
7.73
9.64
20.17
13.47
-9.5
-11.41
12.51
14.43
-14.29
-30.56
-19.07
-9.5
-18.11
-31.51
-24.81
-6.63
-0.89
-8.54
-4.72
18.25
30.7
16.34
5.81
12.51
8.68
-19.07
-36.3
-15.24
22.08
35.48
22.08
8.68
2.94
0.07
-3.76
-12.37
-26.73
-36.3
-25.77
-1.84
10.6
-4.72
-22.9
-19.07
1.03
9.64
0.07
-12.37
-8.54
11.55
20.17
-2.8
-20.98
1.98
40.27
44.09
30.7
42.18
57.49
31.65
-13.33
-25.77
-4.72
16.34
7.73
-15.24
-17.16
-10.46
-19.07
-34.38
-31.51
-14.29
0.07
-3.76
-20.98
-38.21
-43.95
-40.13
-22.9
4.86
33.57
29.74
-5.67
-15.24
24.95
60.36
35.48
-8.54
-7.59
21.12
23.04
7.73
9.64
20.17
8.68
-4.72
11.55
31.65
25.91
5.81
-0.89
-1.84
-11.41
-24.81
-37.25
-44.91
-43.95
-22.9
9.64
19.21
-5.67
-20.03
5.81
33.57
26.87
9.64
21.12
54.62
63.23
26.87
-7.59
-7.59
0.07
-9.5
-18.11
-4.72
10.6
2.94
-14.29
-19.07
-20.03
-21.94
-13.33
3.9
10.6
8.68
18.25
37.39
38.35
12.51
-20.03
-51.61
-78.41
-89.89
-72.66
-34.38
-2.8
8.68
7.73
4.86
5.81
15.38
25.91
34.52
46.01
44.09
9.64
-34.38
-50.65
-35.34
-17.16
-5.67
13.47
31.65
23.04
3.9
4.86
16.34
6.77
-24.81
-46.82
-49.7
-59.27
-72.66
-51.61
0.07
30.7
24.95
24
44.09
46.01
26.87
11.55
-3.76
-9.5
-3.76
-14.29
-36.3
-33.43
-7.59
21.12
52.71
76.63
78.55
62.28
39.31
22.08
19.21
22.08
11.55
-9.5
-17.16
-13.33
-8.54
-12.37
-20.98
-25.77
-18.11
-7.59
-4.72
-7.59
-21.94
-32.47
-17.16
6.77
-1.84
-30.56
-38.21
-22.9
-14.29
-18.11
-22.9
-17.16
1.03
20.17
26.87
34.52
51.75
59.41
46.01
30.7
27.82
18.25
-7.59
-31.51
-29.6
-12.37
-7.59
-11.41
-7.59
-4.72
-11.41
-12.37
-2.8
1.03
-1.84
-2.8
2.94
3.9
0.07
0.07
4.86
4.86
4.86
3.9
3.9
-11.41
-26.73
-7.59
7.73
17.3
28.78
43.14
46.96
35.48
21.12
17.3
16.34
-5.67
-35.34
-37.25
-12.37
-1.84
-10.46
-6.63
11.55
16.34
6.77
12.51
30.7
28.78
1.98
-6.63
10.6
18.25
-9.5
-46.82
-48.74
-24.81
-14.29
-22.9
-23.86
-12.37
-7.59
-24.81
-47.78
-49.7
-42.04
-48.74
-64.05
-59.27
-28.64
-6.63
-18.11
-40.13
-26.73
18.25
43.14
29.74
15.38
21.12
24
-1.84
-41.08
-54.48
-26.73
2.94
8.68
14.43
38.35
51.75
32.61
7.73
11.55
39.31
49.84
9.64
-1.84
-13.33
-1.84
9.64
9.64
9.64
10.6
33.57
34.52
34.52
34.52
16.34
-1.84
17.3
5.81
-5.67
-9.5
0.07
1.98
-12.37
-33.43
-42.04
-30.56
-12.37
-4.72
-4.72
5.81
21.12
23.04
10.6
-1.84
-4.72
1.98
14.43
24.95
29.74
33.57
39.31
39.31
24.95
8.68
8.68
33.57
54.62
48.88
31.65
22.08
16.34
1.98
-10.46
-3.76
15.38
24.95
13.47
-3.76
-12.37
-16.2
-13.33
1.03
17.3
11.55
-15.24
-35.34
-34.38
-28.64
-27.68
-20.98
-8.54
-3.76
-4.72
-0.89
5.81
1.03
-7.59
-3.76
8.68
14.43
16.34
30.7
42.18
32.61
4.86
-12.37
-16.2
-16.2
-20.98
-30.56
-39.17
-41.08
-43
-46.82
-43.95
-26.73
-7.59
1.98
-1.84
-14.29
-26.73
-29.6
-27.68
-33.43
-38.21
-24.81
-8.54
-5.67
1.98
29.74
50.79
39.31
17.3
11.55
16.34
14.43
5.81
1.98
1.98
-4.72
-15.24
-15.24
-0.89
9.64
6.77
-0.89
4.86
16.34
10.6
-8.54
-15.24
-2.8
1.03
-17.16
-36.3
-35.34
-20.98
-8.54
1.03
12.51
23.04
24
15.38
11.55
19.21
31.65
40.27
38.35
28.78
23.04
16.34
-2.8
-27.68
-40.13
-33.43
-21.94
-21.94
-27.68
-22.9
-13.33
-12.37
-19.07
-20.03
-18.11
-18.11
-17.16
-10.46
-7.59
-12.37
-19.07
-12.37
3.9
18.25
24
24
20.17
15.38
15.38
27.82
46.01
59.41
64.19
58.45
46.01
37.39
42.18
50.79
49.84
36.44
17.3
-3.76
-28.64
-51.61
-64.05
-65.97
-64.05
-57.35
-43.95
-34.38
-34.38
-32.47
-14.29
10.6
28.78
30.7
24.95
26.87
36.44
40.27
32.61
19.21
12.51
9.64
9.64
11.55
19.21
27.82
28.78
22.08
9.64
-7.59
-23.86
-30.56
-28.64
-21.94
-4.72
21.12
37.39
33.57
24
19.21
9.64
1.98
6.77
18.25
19.21
7.73
0.07
0.07
2.94
-2.8
-16.2
-29.6
-30.56
-24.81
-16.2
-7.59
-2.8
-1.84
-6.63
-19.07
-30.56
-28.64
-13.33
0.07
2.94
-9.5
-18.11
-15.24
-6.63
-10.46
-21.94
-20.03
-3.76
1.98
-14.29
-33.43
-38.21
-31.51
-24.81
-20.03
-20.03
-20.98
-3.76
24
30.7
16.34
11.55
16.34
7.73
-13.33
-30.56
-28.64
-12.37
1.98
2.94
1.98
16.34
37.39
39.31
13.47
-9.5
-4.72
13.47
18.25
10.6
8.68
14.43
11.55
6.77
12.51
15.38
5.81
-4.72
-7.59
-10.46
-15.24
-15.24
-14.29
-20.98
-35.34
-39.17
-20.03
4.86
10.6
3.9
11.55
21.12
15.38
3.9
5.81
22.08
26.87
5.81
-19.07
-23.86
-13.33
-11.41
-16.2
-12.37
-1.84
-1.84
-14.29
-21.94
-12.37
5.81
15.38
6.77
-1.84
0.07
5.81
5.81
14.43
24.95
20.17
4.86
-0.89
8.68
13.47
6.77
-1.84
5.81
25.91
40.27
32.61
16.34
9.64
9.64
5.81
-3.76
-4.72
4.86
9.64
6.77
9.64
21.12
27.82
26.87
25.91
30.7
37.39
38.35
25.91
4.86
-6.63
-8.54
-17.16
-38.21
-57.35
-57.35
-41.08
-22.9
-12.37
-11.41
-5.67
-0.89
-9.5
-29.6
-40.13
-35.34
-32.47
-33.43
-22.9
-2.8
11.55
15.38
13.47
20.17
34.52
39.31
21.12
-4.72
-15.24
-5.67
15.38
31.65
31.65
19.21
3.9
-11.41
-20.98
-19.07
-7.59
5.81
13.47
20.17
25.91
21.12
7.73
-4.72
-8.54
-8.54
-6.63
-2.8
6.77
9.64
-1.84
-20.03
-31.51
-34.38
-35.34
-37.25
-35.34
-29.6
-17.16
-4.72
-1.84
-5.67
-9.5
-3.76
2.94
4.86
10.6
25.91
31.65
14.43
-2.8
-5.67
-3.76
-4.72
-4.72
1.98
10.6
10.6
2.94
0.07
11.55
26.87
30.7
16.34
3.9
4.86
9.64
2.94
-11.41
-20.03
-19.07
-14.29
-10.46
-3.76
8.68
17.3
7.73
-8.54
-12.37
-2.8
1.98
-3.76
-10.46
-4.72
8.68
14.43
6.77
3.9
11.55
11.55
-1.84
-18.11
-23.86
-20.98
-15.24
-15.24
-20.03
-19.07
-10.46
-6.63
-16.2
-26.73
-25.77
-16.2
-5.67
5.81
14.43
24
35.48
38.35
29.74
28.78
39.31
45.05
37.39
28.78
24
19.21
15.38
16.34
18.25
4.86
-7.59
-13.33
-14.29
-18.11
-26.73
-32.47
-34.38
-35.34
-35.34
-34.38
-38.21
-48.74
-51.61
-40.13
-20.03
-1.84
10.6
14.43
17.3
22.08
25.91
23.04
14.43
14.43
27.82
41.22
38.35
36.44
35.48
36.44
37.39
38.35
37.39
30.7
25.91
25.91
29.74
23.04
6.77
-4.72
-8.54
-15.24
-24.81
-27.68
-23.86
-22.9
-23.86
-24.81
-25.77
-30.56
-39.17
-43
-32.47
-12.37
4.86
14.43
11.55
3.9
-5.67
-20.03
-35.34
-46.82
-55.44
-57.35
-47.78
-30.56
-8.54
12.51
21.12
13.47
8.68
15.38
24
22.08
6.77
-7.59
-10.46
1.98
20.17
28.78
23.04
13.47
7.73
7.73
12.51
15.38
12.51
16.34
33.57
49.84
52.71
52.71
54.62
52.71
43.14
33.57
28.78
24.95
16.34
7.73
3.9
1.98
-0.89
-4.72
-8.54
-17.16
-26.73
-31.51
-34.38
-37.25
-36.3
-26.73
-13.33
-2.8
0.07
-1.84
-2.8
-1.84
1.03
3.9
2.94
-1.84
-10.46
-17.16
-10.46
9.64
24
23.04
18.25
18.25
17.3
10.6
3.9
3.9
3.9
-4.72
-22.9
-37.25
-45.87
-53.52
-58.31
-58.31
-54.48
-46.82
-35.34
-27.68
-24.81
-21.94
-12.37
3.9
18.25
23.04
24
22.08
19.21
10.6
-2.8
-20.98
-39.17
-52.57
-61.18
-65.97
-65.01
-56.39
-46.82
-45.87
-52.57
-56.39
-50.65
-34.38
-14.29
-3.76
-4.72
-14.29
-17.16
-13.33
-2.8
10.6
23.04
28.78
32.61
39.31
51.75
66.11
79.5
88.12
90.03
87.16
81.42
71.85
58.45
42.18
26.87
13.47
3.9
-1.84
-8.54
-17.16
-23.86
-30.56
-43
-60.22
-78.41
-87.98
-80.32
-56.39
-29.6
-13.33
-1.84
8.68
19.21
24.95
24
24
25.91
28.78
24
20.17
18.25
14.43
3.9
-2.8
3.9
20.17
29.74
32.61
37.39
47.92
56.53
61.32
67.06
76.63
83.33
84.29
80.46
75.68
76.63
82.37
89.07
95.77
96.73
84.29
64.19
46.01
38.35
40.27
46.01
47.92
46.01
43.14
38.35
26.87
8.68
-10.46
-28.64
-46.82
-65.01
-83.19
-96.59
-110.95
-123.39
-132.96
-141.57
-143.48
-141.57
-135.83
-128.17
-116.69
-99.46
-74.58
-49.7
-26.73
-13.33
-10.46
-16.2
-26.73
-34.38
-36.3
-37.25
-35.34
-30.56
-22.9
-17.16
-18.11
-20.03
-19.07
-14.29
-10.46
-9.5
-12.37
-19.07
-26.73
-26.73
-17.16
-8.54
-4.72
-1.84
2.94
6.77
6.77
6.77
10.6
22.08
41.22
62.28
77.59
79.5
65.15
37.39
13.47
3.9
-1.84
-17.16
-42.04
-63.09
-69.79
-71.71
-76.49
-78.41
-72.66
-64.05
-57.35
-47.78
-26.73
0.07
27.82
48.88
64.19
74.72
84.29
89.07
92.9
96.73
97.69
93.86
89.07
87.16
89.07
93.86
98.64
103.43
102.47
90.99
69.93
45.05
17.3
-8.54
-30.56
-50.65
-70.75
-93.72
-110.95
-114.77
-104.25
-83.19
-63.09
-47.78
-36.3
-27.68
-22.9
-23.86
-16.2
12.51
45.05
49.84
33.57
29.74
33.57
24
1.98
-14.29
-22.9
-27.68
-26.73
-20.98
-10.46
2.94
15.38
19.21
13.47
6.77
1.98
-3.76
-8.54
-11.41
-6.63
5.81
26.87
55.58
86.2
105.34
108.21
91.95
73.76
68.02
74.72
81.42
83.33
78.55
73.76
74.72
77.59
72.8
63.23
55.58
44.09
18.25
-11.41
-40.13
-69.79
-94.68
-109.99
-110.95
-108.07
-106.16
-101.38
-94.68
-86.06
-78.41
-71.71
-64.05
-53.52
-45.87
-46.82
-52.57
-53.52
-47.78
-34.38
-23.86
-20.98
-24.81
-28.64
-27.68
-20.03
-9.5
1.98
15.38
31.65
42.18
44.09
42.18
43.14
46.96
50.79
49.84
40.27
18.25
-6.63
-24.81
-31.51
-27.68
-17.16
-12.37
-14.29
-21.94
-27.68
-31.51
-30.56
-27.68
-30.56
-41.08
-53.52
-60.22
-63.09
-63.09
-56.39
-43.95
-25.77
-1.84
22.08
33.57
25.91
13.47
13.47
26.87
38.35
38.35
26.87
6.77
-9.5
-18.11
-17.16
-6.63
9.64
28.78
47.92
64.19
68.98
73.76
57.49
40.27
32.61
31.65
32.61
33.57
35.48
37.39
37.39
30.7
18.25
5.81
10.6
16.34
14.43
1.03
-14.29
-24.81
-29.6
-33.43
-44.91
-55.44
-58.31
-53.52
-51.61
-55.44
-53.52
-42.04
-21.94
-1.84
16.34
29.74
42.18
55.58
69.93
82.37
82.37
63.23
44.09
51.75
67.06
64.19
45.05
21.12
-8.54
-43.95
-70.75
-70.75
-47.78
-16.2
3.9
11.55
11.55
15.38
22.08
23.04
16.34
5.81
-7.59
-21.94
-40.13
-57.35
-70.75
-73.62
-65.97
-50.65
-34.38
-19.07
-8.54
-4.72
-5.67
-8.54
-12.37
-20.03
-33.43
-46.82
-55.44
-60.22
-63.09
-61.18
-57.35
-50.65
-44.91
-34.38
-18.11
-10.46
-8.54
-10.46
-3.76
11.55
30.7
45.05
56.53
68.02
76.63
76.63
75.68
75.68
71.85
61.32
49.84
41.22
35.48
25.91
8.68
-14.29
-38.21
-57.35
-66.92
-76.49
-87.02
-93.72
-88.93
-79.36
-75.54
-82.23
-91.81
-94.68
-91.81
-82.23
-67.88
-46.82
-26.73
-18.11
-17.16
-14.29
-4.72
2.94
5.81
11.55
23.04
36.44
46.96
51.75
51.75
49.84
49.84
54.62
63.23
69.93
71.85
68.02
61.32
52.71
40.27
24
5.81
-8.54
-20.98
-34.38
-44.91
-46.82
-38.21
-20.03
7.73
45.05
86.2
118.74
134.05
138.84
136.93
128.31
105.34
61.32
11.55
-17.16
-24.81
-21.94
-16.2
-15.24
-15.24
-13.33
-17.16
-31.51
-48.74
-65.01
-76.49
-79.36
-70.75
-53.52
-37.25
-27.68
-18.11
-5.67
9.64
21.12
33.57
46.01
53.66
59.41
63.23
67.06
74.72
83.33
89.07
91.95
94.82
96.73
94.82
88.12
78.55
69.93
63.23
57.49
52.71
37.39
9.64
-17.16
-34.38
-41.08
-45.87
-55.44
-65.01
-67.88
-62.14
-53.52
-49.7
-49.7
-52.57
-54.48
-54.48
-46.82
-34.38
-17.16
-3.76
-0.89
-14.29
-38.21
-60.22
-73.62
-85.11
-101.38
-114.77
-110.95
-97.55
-84.15
-72.66
-61.18
-45.87
-34.38
-28.64
-29.6
-29.6
-28.64
-29.6
-34.38
-34.38
-28.64
-23.86
-23.86
-28.64
-26.73
-17.16
-3.76
13.47
31.65
49.84
68.02
81.42
95.77
90.03
72.8
42.18
12.51
-4.72
-18.11
-38.21
-64.05
-86.06
-96.59
-92.76
-79.36
-66.92
-53.52
-39.17
-32.47
-21.94
-4.72
11.55
17.3
12.51
14.43
35.48
68.98
100.56
123.53
137.88
154.15
176.16
195.3
199.13
183.82
159.89
135.01
108.21
78.55
53.66
39.31
30.7
19.21
4.86
-6.63
-13.33
-22.9
-40.13
-58.31
-69.79
-69.79
-63.09
-54.48
-51.61
-56.39
-68.84
-82.23
-87.02
-80.32
-64.05
-46.82
-31.51
-25.77
-29.6
-45.87
-62.14
-58.31
-38.21
-5.67
26.87
51.75
66.11
74.72
81.42
87.16
95.77
105.34
110.13
113.96
114.91
111.09
90.03
53.66
11.55
-20.98
-43
-57.35
-65.01
-68.84
-71.71
-70.75
-67.88
-64.05
-62.14
-61.18
-59.27
-56.39
-58.31
-68.84
-84.15
-97.55
-99.46
-90.85
-72.66
-52.57
-38.21
-37.25
-42.04
-42.04
-35.34
-28.64
-27.68
-33.43
-41.08
-44.91
-43
-32.47
-17.16
-0.89
19.21
47.92
83.33
117.78
147.45
164.68
165.64
156.07
140.75
127.36
125.44
131.18
131.18
116.83
95.77
74.72
51.75
24.95
1.98
-7.59
-8.54
-11.41
-24.81
-51.61
-83.19
-113.82
-133.91
-138.7
-136.79
-134.87
-135.83
-135.83
-132.96
-130.09
-123.39
-111.9
-92.76
-70.75
-48.74
-30.56
-17.16
-7.59
2.94
17.3
34.52
48.88
56.53
58.45
61.32
63.23
61.32
51.75
37.39
33.57
45.05
63.23
74.72
78.55
81.42
83.33
81.42
75.68
66.11
54.62
46.96
46.96
50.79
57.49
62.28
63.23
64.19
68.02
73.76
74.72
68.02
55.58
34.52
8.68
-20.03
-51.61
-81.28
-103.29
-117.64
-127.22
-140.61
-156.88
-171.24
-174.11
-167.41
-150.18
-126.26
-98.5
-72.66
-54.48
-44.91
-35.34
-22.9
-10.46
-0.89
9.64
22.08
40.27
59.41
74.72
84.29
86.2
82.37
74.72
71.85
69.93
67.06
58.45
46.96
34.52
26.87
24.95
26.87
30.7
33.57
32.61
29.74
25.91
24.95
24.95
23.04
19.21
15.38
13.47
8.68
-1.84
-24.81
-46.82
-64.05
-82.23
-95.63
-102.33
-100.42
-95.63
-90.85
-86.06
-80.32
-77.45
-70.75
-62.14
-50.65
-37.25
-20.98
-0.89
24.95
51.75
70.89
82.37
86.2
86.2
87.16
88.12
89.07
90.03
91.95
91.95
84.29
68.98
55.58
50.79
53.66
59.41
60.36
53.66
47.92
46.01
38.35
19.21
-3.76
-21.94
-35.34
-46.82
-58.31
-69.79
-79.36
-83.19
-81.28
-75.54
-68.84
-63.09
-56.39
-49.7
-50.65
-55.44
-64.05
-66.92
-65.01
-58.31
-45.87
-31.51
-17.16
-2.8
12.51
24.95
36.44
44.09
47.92
45.05
32.61
17.3
5.81
2.94
10.6
16.34
19.21
22.08
29.74
34.52
33.57
30.7
26.87
24
25.91
27.82
29.74
31.65
32.61
35.48
34.52
24.95
11.55
1.98
1.03
4.86
5.81
1.03
-4.72
-10.46
-14.29
-21.94
-27.68
-27.68
-23.86
-20.98
-19.07
-18.11
-17.16
-16.2
-15.24
-7.59
7.73
23.04
33.57
37.39
34.52
26.87
19.21
20.17
28.78
38.35
44.09
46.01
44.09
40.27
31.65
21.12
8.68
-2.8
-15.24
-28.64
-43
-56.39
-63.09
-61.18
-50.65
-34.38
-15.24
1.03
12.51
18.25
24
29.74
35.48
36.44
34.52
34.52
42.18
53.66
60.36
56.53
46.01
37.39
31.65
26.87
21.12
15.38
6.77
-3.76
-18.11
-34.38
-50.65
-65.01
-77.45
-84.15
-87.98
-87.02
-84.15
-82.23
-81.28
-81.28
-80.32
-79.36
-73.62
-65.97
-56.39
-49.7
-46.82
-47.78
-46.82
-43
-37.25
-36.3
-41.08
-47.78
-54.48
-60.22
-61.18
-58.31
-48.74
-32.47
-15.24
1.03
17.3
32.61
46.96
61.32
74.72
86.2
92.9
94.82
90.03
81.42
70.89
58.45
44.09
30.7
23.04
20.17
20.17
21.12
22.08
24.95
24
19.21
9.64
-2.8
-17.16
-28.64
-36.3
-38.21
-33.43
-22.9
-7.59
13.47
34.52
48.88
53.66
53.66
53.66
52.71
50.79
49.84
49.84
51.75
51.75
50.79
48.88
46.01
44.09
44.09
47.92
52.71
55.58
53.66
45.05
36.44
31.65
32.61
37.39
40.27
39.31
34.52
27.82
23.04
18.25
13.47
5.81
-5.67
-18.11
-27.68
-34.38
-41.08
-44.91
-46.82
-43.95
-42.04
-43
-47.78
-54.48
-62.14
-71.71
-80.32
-86.06
-88.93
-85.11
-75.54
-63.09
-52.57
-43
-36.3
-31.51
-28.64
-30.56
-35.34
-43
-45.87
-42.04
-33.43
-25.77
-18.11
-8.54
3.9
12.51
16.34
17.3
17.3
15.38
10.6
6.77
0.07
-5.67
-9.5
-8.54
-1.84
6.77
13.47
16.34
13.47
9.64
7.73
7.73
7.73
7.73
2.94
-3.76
-12.37
-20.98
-24.81
-24.81
-24.81
-26.73
-29.6
-29.6
-24.81
-18.11
-11.41
-4.72
1.03
3.9
6.77
7.73
9.64
9.64
9.64
10.6
17.3
26.87
37.39
44.09
46.01
45.05
46.01
45.05
42.18
35.48
29.74
27.82
30.7
34.52
39.31
45.05
46.96
45.05
42.18
40.27
40.27
40.27
36.44
31.65
24
14.43
4.86
-3.76
-8.54
-12.37
-13.33
-13.33
-10.46
-8.54
-12.37
-18.11
-25.77
-30.56
-32.47
-34.38
-35.34
-36.3
-35.34
-30.56
-25.77
-21.94
-17.16
-11.41
-4.72
0.07
1.98
1.98
1.98
2.94
3.9
1.03
-3.76
-5.67
-6.63
-3.76
3.9
11.55
16.34
21.12
27.82
34.52
39.31
41.22
42.18
43.14
41.22
37.39
28.78
19.21
9.64
1.98
-1.84
-0.89
1.98
-0.89
-7.59
-18.11
-28.64
-35.34
-41.08
-45.87
-48.74
-50.65
-53.52
-61.18
-71.71
-80.32
-84.15
-84.15
-83.19
-82.23
-79.36
-74.58
-69.79
-62.14
-52.57
-39.17
-23.86
-9.5
3.9
16.34
26.87
39.31
49.84
60.36
64.19
66.11
62.28
57.49
54.62
53.66
52.71
50.79
48.88
47.92
47.92
46.01
44.09
43.14
46.01
53.66
60.36
64.19
67.06
69.93
68.98
66.11
58.45
49.84
41.22
33.57
26.87
20.17
12.51
3.9
-4.72
-13.33
-22.9
-34.38
-47.78
-58.31
-65.97
-68.84
-72.66
-72.66
-70.75
-67.88
-65.01
-65.01
-65.01
-61.18
-51.61
-41.08
-33.43
-28.64
-23.86
-17.16
-12.37
-4.72
1.98
8.68
14.43
22.08
26.87
29.74
27.82
23.04
17.3
13.47
11.55
7.73
3.9
1.03
-1.84
-4.72
-9.5
-13.33
-12.37
-8.54
-2.8
1.03
5.81
8.68
12.51
17.3
25.91
35.48
45.05
47.92
45.05
38.35
30.7
24.95
18.25
10.6
2.94
-4.72
-11.41
-18.11
-26.73
-38.21
-47.78
-55.44
-59.27
-63.09
-65.01
-65.97
-66.92
-67.88
-66.92
-65.01
-56.39
-44.91
-32.47
-21.94
-12.37
-5.67
1.03
9.64
18.25
25.91
29.74
29.74
30.7
35.48
46.01
56.53
64.19
66.11
64.19
61.32
59.41
57.49
55.58
49.84
48.88
45.05
40.27
35.48
29.74
24.95
24
24.95
27.82
29.74
27.82
21.12
16.34
12.51
11.55
9.64
8.68
8.68
9.64
9.64
9.64
10.6
10.6
9.64
7.73
4.86
1.98
-1.84
-6.63
-12.37
-17.16
-20.03
-20.03
-19.07
-16.2
-14.29
-14.29
-15.24
-18.11
-20.03
-20.03
-20.03
-20.98
-21.94
-22.9
-23.86
-24.81
-22.9
-20.98
-18.11
-16.2
-13.33
-13.33
-15.24
-19.07
-23.86
-27.68
-28.64
-29.6
-31.51
-33.43
-34.38
-33.43
-31.51
-30.56
-32.47
-34.38
-35.34
-35.34
-33.43
-30.56
-27.68
-27.68
-26.73
-28.64
-28.64
-26.73
-23.86
-19.07
-13.33
-8.54
-4.72
-1.84
0.07
1.98
4.86
8.68
12.51
17.3
22.08
26.87
29.74
32.61
33.57
34.52
35.48
35.48
34.52
31.65
32.61
34.52
37.39
37.39
35.48
32.61
28.78
24
18.25
11.55
5.81
-0.89
-7.59
-15.24
-21.94
-25.77
-25.77
-24.81
-22.9
-21.94
-21.94
-21.94
-23.86
-25.77
-28.64
-28.64
-26.73
-22.9
-19.07
-18.11
-17.16
-14.29
-10.46
-4.72
1.98
8.68
18.25
26.87
32.61
37.39
40.27
43.14
44.09
46.96
48.88
51.75
54.62
54.62
52.71
49.84
47.92
46.01
43.14
38.35
32.61
27.82
25.91
24
23.04
22.08
20.17
18.25
16.34
13.47
9.64
5.81
0.07
-4.72
-9.5
-14.29
-20.03
-24.81
-28.64
-30.56
-31.51
-32.47
-31.51
-31.51
-31.51
-30.56
-29.6
-26.73
-20.98
-16.2
-12.37
-9.5
-7.59
-7.59
-7.59
-9.5
-12.37
-14.29
-17.16
-20.03
-22.9
-26.73
-29.6
-31.51
-32.47
-32.47
-31.51
-30.56
-29.6
-27.68
-27.68
-27.68
-26.73
-23.86
-18.11
-12.37
-3.76
2.94
9.64
14.43
19.21
21.12
22.08
24
24.95
26.87
27.82
26.87
25.91
24
22.08
18.25
15.38
11.55
8.68
6.77
5.81
5.81
3.9
1.03
-1.84
-0.89
1.98
6.77
12.51
17.3
19.21
21.12
20.17
18.25
17.3
16.34
15.38
12.51
11.55
9.64
8.68
6.77
5.81
5.81
7.73
6.77
6.77
5.81
4.86
5.81
7.73
11.55
14.43
16.34
18.25
21.12
24
25.91
24.95
24
22.08
21.12
19.21
17.3
12.51
7.73
1.98
-4.72
-11.41
-18.11
-25.77
-33.43
-39.17
-43.95
-48.74
-52.57
-57.35
-61.18
-64.05
-65.01
-65.97
-65.97
-65.97
-65.01
-62.14
-57.35
-51.61
-45.87
-40.13
-35.34
-30.56
-25.77
-20.03
-14.29
-9.5
-3.76
1.03
3.9
7.73
10.6
12.51
12.51
13.47
13.47
15.38
17.3
19.21
17.3
14.43
12.51
9.64
8.68
8.68
9.64
10.6
10.6
11.55
12.51
13.47
13.47
11.55
9.64
9.64
10.6
11.55
11.55
8.68
5.81
2.94
0.07
-3.76
-6.63
-10.46
-14.29
-17.16
-16.2
-14.29
-12.37
-8.54
-6.63
-4.72
-2.8
1.03
5.81
8.68
11.55
14.43
17.3
21.12
26.87
30.7
33.57
37.39
43.14
50.79
57.49
63.23
66.11
68.02
68.02
68.98
68.98
68.02
65.15
61.32
55.58
46.96
38.35
29.74
21.12
11.55
3.9
-1.84
-6.63
-9.5
-12.37
-14.29
-15.24
-14.29
-14.29
-12.37
-12.37
-12.37
-11.41
-8.54
-6.63
-4.72
-4.72
-2.8
-3.76
-1.84
-0.89
1.03
1.98
1.03
-1.84
-4.72
-6.63
-9.5
-11.41
-11.41
-10.46
-9.5
-9.5
-9.5
-8.54
-7.59
-7.59
-9.5
-12.37
-13.33
-15.24
-16.2
-17.16
-19.07
-20.98
-25.77
-30.56
-35.34
-38.21
-40.13
-43
-45.87
-49.7
-53.52
-57.35
-61.18
-64.05
-65.01
-64.05
-63.09
-59.27
-55.44
-49.7
-44.91
-42.04
-38.21
-34.38
-29.6
-25.77
-20.03
-15.24
-11.41
-7.59
-4.72
-3.76
0.07
3.9
7.73
9.64
12.51
13.47
13.47
11.55
11.55
8.68
5.81
3.9
2.94
2.94
3.9
3.9
5.81
7.73
8.68
9.64
9.64
10.6
12.51
15.38
18.25
22.08
26.87
30.7
34.52
36.44
37.39
37.39
37.39
37.39
36.44
34.52
32.61
30.7
29.74
29.74
30.7
32.61
33.57
34.52
35.48
36.44
38.35
40.27
41.22
42.18
44.09
45.05
45.05
44.09
42.18
39.31
34.52
27.82
22.08
18.25
14.43
13.47
10.6
7.73
3.9
1.03
0.07
0.07
0.07
0.07
0.07
-0.89
-0.89
0.07
2.94
3.9
3.9
3.9
2.94
1.98
1.03
0.07
-1.84
-4.72
-6.63
-6.63
-6.63
-6.63
-7.59
-9.5
-11.41
-10.46
-11.41
-11.41
-12.37
-15.24
-17.16
-20.03
-21.94
-24.81
-27.68
-29.6
-29.6
-31.51
-32.47
-34.38
-36.3
-38.21
-38.21
-39.17
-38.21
-38.21
-39.17
-40.13
-42.04
-43
-44.91
-47.78
-51.61
-54.48
-55.44
-54.48
-53.52
-50.65
-47.78
-46.82
-43.95
-43
-42.04
-39.17
-35.34
-31.51
-28.64
-25.77
-20.03
-14.29
-7.59
-0.89
3.9
7.73
11.55
16.34
21.12
25.91
31.65
35.48
40.27
44.09
47.92
50.79
53.66
56.53
56.53
54.62
51.75
50.79
46.96
42.18
37.39
32.61
29.74
26.87
23.04
20.17
19.21
18.25
16.34
12.51
9.64
7.73
5.81
4.86
3.9
5.81
7.73
9.64
11.55
13.47
15.38
17.3
18.25
19.21
21.12
22.08
24
24
24
23.04
21.12
22.08
21.12
20.17
19.21
17.3
16.34
14.43
13.47
11.55
11.55
10.6
9.64
9.64
8.68
6.77
4.86
1.98
1.03
-1.84
-3.76
-6.63
-7.59
-8.54
-8.54
-8.54
-7.59
-7.59
-8.54
-8.54
-8.54
-9.5
-11.41
-12.37
-13.33
-13.33
-14.29
-15.24
-16.2
-16.2
-16.2
-16.2
-17.16
-19.07
-20.03
-18.11
-15.24
-12.37
-11.41
-9.5
-10.46
-11.41
-12.37
-13.33
-12.37
-13.33
-15.24
-19.07
-20.03
-20.98
-21.94
-22.9
-24.81
-25.77
-24.81
-22.9
-21.94
-20.98
-19.07
-18.11
-15.24
-14.29
-13.33
-13.33
-13.33
-15.24
-16.2
-18.11
-19.07
-20.98
-22.9
-23.86
-23.86
-21.94
-19.07
-17.16
-15.24
-14.29
-12.37
-11.41
-9.5
-6.63
-4.72
-2.8
1.98
4.86
8.68
11.55
14.43
15.38
16.34
17.3
17.3
16.34
14.43
11.55
10.6
9.64
7.73
7.73
7.73
8.68
8.68
9.64
12.51
16.34
18.25
17.3
18.25
18.25
17.3
17.3
16.34
17.3
19.21
22.08
24
24.95
25.91
26.87
26.87
26.87
26.87
27.82
29.74
30.7
33.57
34.52
34.52
32.61
30.7
27.82
24
22.08
20.17
19.21
19.21
19.21
20.17
20.17
17.3
14.43
11.55
8.68
4.86
1.03
-1.84
-4.72
-8.54
-12.37
-17.16
-19.07
-20.98
-21.94
-20.98
-20.03
-18.11
-16.2
-14.29
-13.33
-12.37
-11.41
-10.46
-11.41
-13.33
-15.24
-15.24
-16.2
-15.24
-14.29
-12.37
-10.46
-9.5
-8.54
-9.5
-9.5
-9.5
-9.5
-10.46
-11.41
-11.41
-12.37
-13.33
-13.33
-12.37
-12.37
-12.37
-11.41
-12.37
-12.37
-12.37
-12.37
-12.37
-13.33
-13.33
-13.33
-14.29
-13.33
-14.29
-13.33
-13.33
-13.33
-14.29
-15.24
-16.2
-17.16
-16.2
-15.24
-14.29
-13.33
-11.41
-8.54
-5.67
-3.76
-0.89
1.98
4.86
5.81
7.73
7.73
8.68
9.64
11.55
13.47
14.43
14.43
13.47
13.47
12.51
9.64
5.81
2.94
0.07
-1.84
-3.76
-3.76
-4.72
-4.72
-6.63
-6.63
-6.63
-4.72
-3.76
-2.8
-2.8
-1.84
-1.84
-0.89
1.03
2.94
3.9
3.9
3.9
4.86
6.77
7.73
8.68
8.68
8.68
8.68
8.68
10.6
12.51
13.47
13.47
15.38
16.34
17.3
17.3
18.25
18.25
17.3
15.38
14.43
12.51
11.55
10.6
11.55
11.55
11.55
12.51
12.51
12.51
11.55
11.55
9.64
8.68
7.73
5.81
5.81
5.81
5.81
4.86
3.9
1.98
0.07
-0.89
-1.84
-0.89
0.07
1.03
1.03
0.07
0.07
0.07
0.07
0.07
1.03
1.98
3.9
5.81
6.77
6.77
6.77
6.77
6.77
6.77
6.77
5.81
4.86
2.94
1.03
0.07
-0.89
-0.89
-0.89
0.07
1.03
1.98
1.98
1.03
1.03
0.07
0.07
-0.89
-0.89
-0.89
-0.89
-1.84
-3.76
-4.72
-6.63
-7.59
-9.5
-11.41
-12.37
-14.29
-16.2
-17.16
-18.11
-19.07
-18.11
-18.11
-17.16
-16.2
-15.24
-15.24
-16.2
-17.16
-17.16
-17.16
-16.2
-15.24
-13.33
-11.41
-9.5
-10.46
-9.5
-9.5
-9.5
-9.5
-7.59
-5.67
-3.76
-1.84
0.07
1.03
1.03
1.03
1.03
0.07
0.07
0.07
0.07
-1.84
-1.84
-3.76
-4.72
-5.67
-9.5
-12.37
-14.29
-15.24
-15.24
-14.29
-13.33
-11.41
-10.46
-8.54
-6.63
-4.72
-3.76
-1.84
-0.89
-0.89
-1.84
-1.84
-1.84
0.07
1.98
3.9
3.9
5.81
7.73
8.68
9.64
10.6
11.55
12.51
11.55
9.64
9.64
9.64
10.6
10.6
10.6
9.64
9.64
8.68
8.68
7.73
8.68
8.68
7.73
7.73
7.73
7.73
7.73
6.77
7.73
6.77
5.81
4.86
2.94
1.98
0.07
-1.84
-2.8
-3.76
-3.76
-4.72
-4.72
-5.67
-7.59
-8.54
-9.5
-9.5
-10.46
-11.41
-10.46
-9.5
-7.59
-5.67
-3.76
-1.84
1.03
2.94
4.86
6.77
9.64
12.51
15.38
17.3
20.17
21.12
22.08
22.08
22.08
22.08
24
24
24.95
24
23.04
22.08
21.12
19.21
17.3
15.38
12.51
8.68
3.9
0.07
-3.76
-4.72
-6.63
-5.67
-4.72
-1.84
0.07
2.94
5.81
7.73
9.64
11.55
11.55
10.6
9.64
7.73
7.73
5.81
4.86
1.98
1.98
1.03
0.07
-0.89
-3.76
-4.72
-7.59
-9.5
-10.46
-12.37
-13.33
-16.2
-16.2
-17.16
-17.16
-18.11
-20.03
-20.98
-22.9
-23.86
-24.81
-24.81
-24.81
-23.86
-21.94
-20.03
-18.11
-16.2
-15.24
-14.29
-13.33
-12.37
-11.41
-10.46
-9.5
-8.54
-7.59
-6.63
-5.67
-5.67
-5.67
-4.72
-4.72
-2.8
-0.89
1.03
2.94
3.9
4.86
5.81
6.77
7.73
8.68
9.64
9.64
10.6
11.55
13.47
14.43
14.43
14.43
13.47
13.47
13.47
12.51
11.55
9.64
7.73
5.81
1.98
-0.89
-3.76
-5.67
-8.54
-10.46
-9.5
-9.5
-5.67
-4.72
-4.72
-3.76
-2.8
-1.84
-1.84
-1.84
-0.89
0.07
2.94
4.86
6.77
8.68
11.55
13.47
13.47
13.47
13.47
12.51
10.6
9.64
7.73
5.81
2.94
1.03
0.07
-0.89
-1.84
-1.84
-1.84
-2.8
-2.8
-3.76
-3.76
-4.72
-4.72
-5.67
-4.72
-2.8
0.07
1.98
3.9
5.81
5.81
5.81
5.81
5.81
5.81
7.73
9.64
11.55
12.51
12.51
11.55
10.6
9.64
8.68
7.73
6.77
5.81
5.81
4.86
4.86
3.9
2.94
1.98
1.03
-0.89
-1.84
-3.76
-6.63
-8.54
-11.41
-14.29
-18.11
-20.98
-22.9
-25.77
-27.68
-30.56
-31.51
-32.47
-33.43
-34.38
-34.38
-33.43
-31.51
-32.47
-29.6
-27.68
-25.77
-22.9
-19.07
-16.2
-14.29
-12.37
-10.46
-8.54
-6.63
-4.72
-2.8
-1.84
0.07
1.03
1.98
2.94
3.9
5.81
7.73
9.64
10.6
12.51
12.51
13.47
13.47
12.51
11.55
11.55
11.55
11.55
11.55
11.55
10.6
10.6
11.55
13.47
14.43
15.38
15.38
15.38
16.34
17.3
19.21
21.12
22.08
24
24
24.95
27.82
27.82
27.82
26.87
25.91
24.95
23.04
21.12
20.17
18.25
17.3
15.38
14.43
12.51
10.6
9.64
7.73
7.73
6.77
5.81
4.86
3.9
1.98
1.03
-0.89
-1.84
-2.8
-3.76
-3.76
-4.72
-4.72
-5.67
-6.63
-7.59
-8.54
-7.59
-6.63
-5.67
-4.72
-4.72
-4.72
-3.76
-3.76
-3.76
-3.76
-3.76
-3.76
-4.72
-4.72
-5.67
-6.63
-7.59
-8.54
-9.5
-11.41
-11.41
-13.33
-13.33
-14.29
-15.24
-15.24
-16.2
-16.2
-16.2
-16.2
-16.2
-12.37
-10.46
-7.59
-5.67
-3.76
-1.84
0.07
1.03
1.98
1.98
2.94
4.86
4.86
5.81
6.77
7.73
7.73
7.73
7.73
5.81
3.9
1.98
0.07
-1.84
-4.72
-6.63
-8.54
-9.5
-11.41
-10.46
-11.41
-11.41
-11.41
-12.37
-12.37
-13.33
-13.33
-12.37
-12.37
-12.37
-9.5
-8.54
-7.59
-5.67
-4.72
-3.76
-2.8
0.07
1.03
1.03
0.07
0.07
0.07
-0.89
-1.84
-1.84
-3.76
-4.72
-6.63
-7.59
-9.5
-9.5
-10.46
-9.5
-10.46
-10.46
-9.5
-9.5
-9.5
-7.59
-7.59
-6.63
-4.72
-4.72
-2.8
-0.89
0.07
1.03
1.98
2.94
3.9
4.86
5.81
6.77
7.73
9.64
11.55
13.47
13.47
13.47
14.43
13.47
13.47
12.51
11.55
11.55
11.55
12.51
14.43
16.34
17.3
17.3
19.21
21.12
22.08
22.08
22.08
22.08
21.12
20.17
19.21
19.21
18.25
18.25
17.3
15.38
13.47
11.55
9.64
8.68
6.77
4.86
2.94
1.03
0.07
0.07
-0.89
-0.89
-1.84
-1.84
-2.8
-2.8
-3.76
-3.76
-2.8
-2.8
-1.84
-0.89
-1.84
0.07
-1.84
-1.84
-1.84
-2.8
-2.8
-2.8
-2.8
-0.89
0.07
0.07
0.07
1.03
0.07
0.07
-0.89
-0.89
-1.84
-1.84
-2.8
-2.8
-1.84
-0.89
-0.89
-0.89
0.07
0.07
0.07
0.07
-1.84
-3.76
-5.67
-8.54
-10.46
-12.37
-12.37
-13.33
-13.33
-13.33
-12.37
-11.41
-9.5
-8.54
-7.59
-6.63
-6.63
-6.63
-6.63
-6.63
-6.63
-7.59
-8.54
-10.46
-11.41
-12.37
-14.29
-15.24
-17.16
-18.11
-20.98
-20.98
-22.9
-24.81
-25.77
-26.73
-25.77
-25.77
-25.77
-25.77
-25.77
-24.81
-23.86
-23.86
-22.9
-21.94
-21.94
-20.98
-20.03
-19.07
-17.16
-16.2
-14.29
-12.37
-9.5
-6.63
-3.76
-0.89
1.03
1.98
3.9
4.86
6.77
9.64
11.55
15.38
18.25
20.17
22.08
24
25.91
26.87
28.78
31.65
32.61
34.52
34.52
33.57
33.57
32.61
29.74
28.78
26.87
25.91
24.95
23.04
21.12
20.17
19.21
17.3
14.43
14.43
13.47
12.51
11.55
12.51
13.47
15.38
16.34
17.3
18.25
20.17
21.12
21.12
21.12
21.12
19.21
18.25
17.3
17.3
16.34
14.43
13.47
11.55
9.64
7.73
5.81
2.94
0.07
-2.8
-5.67
-9.5
-11.41
-13.33
-15.24
-16.2
-18.11
-19.07
-20.03
-20.03
-19.07
-18.11
-18.11
-18.11
-18.11
-19.07
-20.03
-20.03
-20.98
-20.98
-20.98
-20.98
-21.94
-22.9
-23.86
-24.81
-25.77
-26.73
-27.68
-26.73
-26.73
-25.77
-24.81
-22.9
-21.94
-19.07
-17.16
-15.24
-12.37
-10.46
-8.54
-7.59
-5.67
-4.72
-4.72
-4.72
-3.76
-2.8
-2.8
-1.84
-0.89
-0.89
0.07
1.98
2.94
4.86
5.81
6.77
6.77
9.64
10.6
11.55
10.6
10.6
9.64
9.64
9.64
9.64
8.68
8.68
8.68
9.64
9.64
10.6
11.55
11.55
12.51
12.51
13.47
14.43
15.38
16.34
16.34
16.34
16.34
15.38
14.43
13.47
13.47
12.51
11.55
9.64
8.68
6.77
5.81
5.81
4.86
4.86
3.9
3.9
3.9
1.98
1.98
1.98
1.98
1.98
1.03
0.07
-0.89
-2.8
-4.72
-6.63
-7.59
-8.54
-8.54
-8.54
-8.54
-7.59
-7.59
-7.59
-9.5
-7.59
-8.54
-9.5
-10.46
-11.41
-12.37
-12.37
-13.33
-12.37
-12.37
-11.41
-10.46
-10.46
-8.54
-7.59
-4.72
-2.8
0.07
2.94
5.81
7.73
9.64
11.55
11.55
12.51
13.47
13.47
14.43
15.38
16.34
17.3
17.3
18.25
17.3
16.34
16.34
14.43
13.47
11.55
10.6
9.64
7.73
5.81
5.81
4.86
3.9
1.98
1.03
-0.89
-1.84
-3.76
-4.72
-6.63
-7.59
-8.54
-9.5
-11.41
-13.33
-15.24
-17.16
-18.11
-18.11
-19.07
-19.07
-20.03
-20.98
-20.98
-20.03
-19.07
-19.07
-18.11
-18.11
-15.24
-14.29
-13.33
-13.33
-11.41
-8.54
-6.63
-4.72
-3.76
-2.8
-1.84
-0.89
0.07
1.98
1.98
1.98
1.98
1.98
1.98
2.94
2.94
3.9
4.86
4.86
5.81
7.73
9.64
10.6
11.55
12.51
11.55
12.51
12.51
11.55
9.64
11.55
11.55
11.55
9.64
9.64
10.6
10.6
11.55
12.51
13.47
14.43
15.38
16.34
16.34
16.34
16.34
15.38
13.47
13.47
12.51
11.55
9.64
8.68
7.73
7.73
6.77
5.81
4.86
4.86
3.9
1.98
1.03
-0.89
-2.8
-3.76
-4.72
-5.67
-6.63
-7.59
-8.54
-10.46
-11.41
-13.33
-13.33
-16.2
-17.16
-18.11
-18.11
-18.11
-18.11
-18.11
-18.11
-17.16
-18.11
-19.07
-19.07
-19.07
-19.07
-19.07
-19.07
-19.07
-20.03
-20.03
-20.03
-20.03
-19.07
-19.07
-19.07
-18.11
-18.11
-17.16
-17.16
-17.16
-17.16
-16.2
-15.24
-13.33
-12.37
-9.5
-7.59
-4.72
-2.8
0.07
1.98
3.9
5.81
7.73
8.68
9.64
11.55
13.47
14.43
15.38
15.38
16.34
17.3
18.25
18.25
18.25
18.25
18.25
17.3
17.3
16.34
16.34
16.34
16.34
16.34
16.34
15.38
15.38
15.38
14.43
14.43
13.47
14.43
14.43
13.47
13.47
11.55
10.6
9.64
7.73
7.73
7.73
7.73
8.68
9.64
9.64
8.68
7.73
7.73
7.73
7.73
6.77
6.77
5.81
5.81
5.81
6.77
6.77
6.77
7.73
8.68
8.68
8.68
8.68
7.73
6.77
6.77
5.81
4.86
2.94
1.98
1.03
0.07
-0.89
-2.8
-3.76
-4.72
-5.67
-6.63
-6.63
-6.63
-6.63
-5.67
-4.72
-4.72
-3.76
-3.76
-3.76
-4.72
-4.72
-4.72
-4.72
-5.67
-6.63
-6.63
-7.59
-8.54
-8.54
-9.5
-9.5
-10.46
-10.46
-11.41
-12.37
-13.33
-14.29
-14.29
-14.29
-14.29
-13.33
-13.33
-13.33
-12.37
-11.41
-10.46
-10.46
-10.46
-10.46
-10.46
-10.46
-10.46
-10.46
-9.5
-9.5
-9.5
-10.46
-11.41
-12.37
-13.33
-14.29
-16.2
-17.16
-19.07
-20.03
-20.03
-20.03
-19.07
-18.11
-16.2
-17.16
-14.29
-13.33
-11.41
-9.5
-7.59
-5.67
-3.76
-1.84
0.07
1.98
2.94
3.9
4.86
5.81
5.81
6.77
7.73
9.64
11.55
14.43
15.38
16.34
17.3
19.21
19.21
21.12
22.08
23.04
23.04
24.95
24.95
24.95
24
24.95
24
24
24
24
23.04
24
24.95
24.95
24.95
24.95
24
24
24
24
24.95
24
24
24
24
21.12
21.12
20.17
18.25
15.38
13.47
9.64
7.73
5.81
2.94
1.03
-0.89
-4.72
-7.59
-10.46
-13.33
-15.24
-16.2
-17.16
-18.11
-18.11
-18.11
-18.11
-18.11
-19.07
-18.11
-17.16
-16.2
-14.29
-12.37
-11.41
-10.46
-9.5
-10.46
-10.46
-10.46
-11.41
-11.41
-11.41
-11.41
-11.41
-11.41
-12.37
-12.37
-13.33
-14.29
-14.29
-15.24
-15.24
-14.29
-14.29
-14.29
-15.24
-14.29
-14.29
-13.33
-13.33
-12.37
-12.37
-12.37
-12.37
-12.37
-12.37
-12.37
-11.41
-12.37
-12.37
-13.33
-13.33
-13.33
-12.37
-11.41
-9.5
-7.59
-6.63
-4.72
-2.8
-0.89
1.03
1.98
2.94
3.9
4.86
4.86
4.86
5.81
6.77
7.73
8.68
8.68
9.64
9.64
10.6
10.6
11.55
10.6
11.55
12.51
12.51
13.47
13.47
14.43
14.43
13.47
13.47
12.51
11.55
11.55
12.51
13.47
14.43
14.43
14.43
14.43
15.38
15.38
16.34
16.34
17.3
18.25
18.25
18.25
18.25
18.25
18.25
18.25
18.25
17.3
15.38
13.47
11.55
11.55
11.55
11.55
10.6
9.64
8.68
7.73
5.81
2.94
0.07
-1.84
-4.72
-7.59
-10.46
-13.33
-16.2
-19.07
-21.94
-24.81
-26.73
-28.64
-29.6
-29.6
-28.64
-27.68
-25.77
-23.86
-21.94
-20.98
-18.11
-16.2
-15.24
-13.33
-12.37
-12.37
-11.41
-10.46
-10.46
-11.41
-12.37
-12.37
-11.41
-10.46
-9.5
-10.46
-8.54
-7.59
-5.67
-4.72
-2.8
-2.8
-1.84
-1.84
-1.84
-1.84
-1.84
-1.84
-1.84
-1.84
-1.84
-1.84
-0.89
-0.89
0.07
1.03
1.03
2.94
2.94
2.94
3.9
4.86
5.81
8.68
11.55
13.47
14.43
15.38
16.34
16.34
17.3
18.25
19.21
20.17
21.12
21.12
21.12
21.12
20.17
18.25
17.3
15.38
14.43
11.55
10.6
8.68
6.77
5.81
2.94
1.03
-0.89
-2.8
-3.76
-4.72
-4.72
-5.67
-6.63
-6.63
-4.72
-4.72
-3.76
-2.8
-2.8
-2.8
-1.84
-1.84
-1.84
-1.84
-1.84
-1.84
-1.84
-1.84
-0.89
0.07
1.98
2.94
3.9
4.86
5.81
6.77
6.77
6.77
6.77
6.77
6.77
5.81
4.86
3.9
1.98
0.07
-0.89
-1.84
-2.8
-3.76
-4.72
-5.67
-5.67
-7.59
-7.59
-8.54
-9.5
-11.41
-11.41
-12.37
-13.33
-13.33
-14.29
-14.29
-14.29
-13.33
-13.33
-14.29
-15.24
-16.2
-16.2
-17.16
-15.24
-14.29
-12.37
-10.46
-8.54
-7.59
-4.72
-3.76
-0.89
1.98
3.9
5.81
6.77
6.77
6.77
5.81
6.77
6.77
6.77
6.77
6.77
6.77
6.77
7.73
8.68
9.64
10.6
12.51
14.43
15.38
16.34
16.34
15.38
15.38
13.47
12.51
11.55
10.6
9.64
8.68
7.73
5.81
5.81
3.9
2.94
1.98
0.07
0.07
-0.89
-0.89
-1.84
-1.84
-1.84
-1.84
-0.89
-0.89
0.07
0.07
1.03
0.07
-0.89
-0.89
-0.89
-0.89
-0.89
-0.89
-0.89
-1.84
-1.84
-2.8
-2.8
-3.76
-4.72
-5.67
-7.59
-8.54
-9.5
-10.46
-11.41
-10.46
-10.46
-10.46
-11.41
-11.41
-12.37
-12.37
-12.37
-12.37
-13.33
-12.37
-11.41
-10.46
-9.5
-7.59
-4.72
-3.76
-1.84
-0.89
1.03
1.03
3.9
4.86
6.77
7.73
8.68
8.68
8.68
8.68
8.68
9.64
9.64
9.64
9.64
8.68
8.68
8.68
7.73
9.64
9.64
9.64
9.64
10.6
10.6
10.6
10.6
9.64
9.64
8.68
7.73
6.77
6.77
6.77
5.81
4.86
3.9
1.98
1.03
0.07
0.07
-0.89
-0.89
-1.84
-2.8
-3.76
-3.76
-4.72
-4.72
-5.67
-5.67
-5.67
-5.67
-5.67
-5.67
-4.72
-4.72
-4.72
-4.72
-4.72
-4.72
-4.72
-4.72
-4.72
-5.67
-5.67
-7.59
-7.59
-7.59
-6.63
-6.63
-4.72
-4.72
-4.72
-4.72
-4.72
-4.72
-4.72
-4.72
-3.76
-3.76
-4.72
-3.76
-3.76
-2.8
-2.8
-2.8
-1.84
-0.89
0.07
0.07
1.98
3.9
4.86
5.81
5.81
5.81
5.81
5.81
6.77
6.77
6.77
6.77
6.77
4.86
3.9
1.98
1.03
-0.89
-0.89
-1.84
-1.84
-2.8
-3.76
-4.72
-4.72
-4.72
-3.76
-2.8
-1.84
-0.89
-0.89
0.07
0.07
1.03
1.03
1.03
1.03
1.98
2.94
3.9
4.86
5.81
5.81
7.73
7.73
7.73
7.73
7.73
6.77
5.81
4.86
3.9
2.94
2.94
1.98
1.03
-1.84
-0.89
-2.8
-4.72
-5.67
-5.67
-6.63
-6.63
-6.63
-6.63
-5.67
-4.72
-4.72
-3.76
-3.76
-2.8
-2.8
-2.8
-2.8
-2.8
-3.76
-3.76
-4.72
-4.72
-4.72
-4.72
-3.76
-3.76
-3.76
-2.8
-2.8
-2.8
-2.8
-1.84
-1.84
-0.89
-0.89
-0.89
-0.89
-1.84
-1.84
-1.84
-2.8
-3.76
-2.8
-1.84
-0.89
1.03
1.98
3.9
3.9
5.81
6.77
7.73
8.68
9.64
9.64
9.64
9.64
8.68
8.68
7.73
6.77
5.81
5.81
5.81
5.81
4.86
4.86
4.86
4.86
4.86
3.9
3.9
2.94
2.94
3.9
2.94
2.94
1.03
2.94
2.94
1.98
3.9
3.9
2.94
2.94
2.94
2.94
1.98
1.03
-0.89
-1.84
-2.8
-3.76
-3.76
-3.76
-3.76
-3.76
-1.84
-1.84
-1.84
-1.84
-1.84
-0.89
0.07
0.07
0.07
-0.89
1.03
1.98
2.94
2.94
2.94
2.94
2.94
1.98
1.98
1.03
0.07
-0.89
-1.84
-2.8
-4.72
-6.63
-7.59
-9.5
-8.54
-9.5
-8.54
-8.54
-8.54
-8.54
-9.5
-8.54
-7.59
-7.59
-7.59
-7.59
-7.59
-6.63
-6.63
-6.63
-7.59
-6.63
-5.67
-6.63
-7.59
-7.59
-8.54
-8.54
-8.54
-7.59
-6.63
-5.67
-4.72
-3.76
-3.76
-2.8
-2.8
-1.84
-1.84
-0.89
0.07
1.03
1.98
2.94
3.9
4.86
5.81
5.81
5.81
5.81
3.9
5.81
5.81
5.81
4.86
3.9
2.94
2.94
1.03
1.98
1.98
1.98
1.03
1.03
0.07
0.07
0.07
0.07
1.03
1.98
2.94
3.9
4.86
5.81
5.81
5.81
6.77
6.77
5.81
4.86
4.86
3.9
3.9
3.9
3.9
2.94
2.94
2.94
2.94
2.94
1.98
1.98
1.98
2.94
3.9
3.9
3.9
4.86
4.86
3.9
2.94
2.94
2.94
1.98
1.03
1.03
1.03
1.03
0.07
1.03
0.07
1.03
1.03
1.98
1.98
2.94
2.94
3.9
3.9
3.9
3.9
3.9
3.9
2.94
1.98
1.98
1.03
0.07
1.03
1.03
1.03
1.98
1.98
1.98
2.94
2.94
2.94
2.94
2.94
2.94
2.94
2.94
2.94
2.94
1.98
1.98
1.98
1.03
1.03
1.03
-0.89
-0.89
-0.89
-0.89
-1.84
-1.84
-1.84
-1.84
-3.76
-2.8
-3.76
-3.76
-4.72
-2.8
-3.76
-1.84
-0.89
-0.89
0.07
0.07
-0.89
-0.89
-0.89
-1.84
-1.84
-1.84
-1.84
-1.84
-1.84
-1.84
-2.8
-2.8
-2.8
-1.84
-0.89
-0.89
0.07
0.07
1.03
1.03
1.03
1.03
0.07
-0.89
-2.8
-3.76
-4.72
-6.63
-7.59
-9.5
-9.5
-9.5
-9.5
-9.5
-9.5
-10.46
-10.46
-9.5
-9.5
-8.54
-8.54
-5.67
-4.72
-3.76
-2.8
-1.84
-1.84
-0.89
-1.84
-1.84
-1.84
-0.89
-0.89
0.07
0.07
0.07
0.07
0.07
0.07
0.07
1.03
1.03
1.03
1.98
1.98
2.94
3.9
3.9
3.9
3.9
3.9
1.98
1.98
1.03
0.07
-0.89
-0.89
-1.84
-2.8
-2.8
-2.8
-2.8
-2.8
-2.8
-1.84
-1.84
-1.84
-0.89
-0.89
-0.89
0.07
-0.89
-0.89
-1.84
-1.84
-2.8
-1.84
-1.84
-1.84
-0.89
0.07
1.03
1.03
1.98
2.94
3.9
4.86
5.81
6.77
5.81
5.81
3.9
3.9
2.94
1.98
1.03
1.03
-0.89
-1.84
-1.84
-1.84
-1.84
-1.84
-1.84
-2.8
-2.8
-2.8
-3.76
-1.84
-1.84
-1.84
0.07
0.07
1.03
1.98
2.94
3.9
4.86
4.86
5.81
5.81
4.86
5.81
5.81
4.86
4.86
3.9
3.9
4.86
5.81
5.81
6.77
6.77
8.68
9.64
10.6
9.64
9.64
9.64
10.6
10.6
11.55
11.55
10.6
9.64
9.64
7.73
6.77
5.81
4.86
4.86
4.86
3.9
2.94
1.98
1.03
0.07
0.07
-0.89
-0.89
-0.89
-0.89
0.07
0.07
-0.89
-0.89
-0.89
0.07
0.07
1.03
0.07
-0.89
-1.84
-2.8
-3.76
-4.72
-4.72
-5.67
-6.63
-7.59
-7.59
-8.54
-9.5
-10.46
-11.41
-12.37
-12.37
-12.37
-13.33
-12.37
-11.41
-11.41
-10.46
-11.41
-9.5
-8.54
-7.59
-6.63
-4.72
-4.72
-3.76
-2.8
-1.84
-1.84
-1.84
-1.84
-2.8
-3.76
-2.8
-2.8
-1.84
-1.84
-1.84
-0.89
0.07
1.03
1.98
2.94
4.86
5.81
5.81
6.77
6.77
7.73
7.73
7.73
7.73
7.73
6.77
6.77
5.81
5.81
4.86
3.9
2.94
1.98
1.98
1.98
1.98
1.98
1.98
1.98
1.98
1.03
1.03
1.03
1.03
1.03
1.03
0.07
0.07
-0.89
-0.89
-1.84
-1.84
-1.84
-1.84
-1.84
-3.76
-2.8
-2.8
-2.8
-2.8
-2.8
-2.8
-3.76
-3.76
-4.72
-4.72
-5.67
-5.67
-6.63
-6.63
-6.63
-6.63
-6.63
-6.63
-7.59
-7.59
-7.59
-6.63
-6.63
-5.67
-4.72
-4.72
-3.76
-1.84
-1.84
-0.89
-0.89
-0.89
0.07
-0.89
1.03
1.03
1.98
2.94
1.98
2.94
3.9
3.9
4.86
4.86
5.81
5.81
5.81
5.81
5.81
5.81
6.77
6.77
6.77
6.77
6.77
7.73
7.73
6.77
7.73
7.73
7.73
8.68
7.73
7.73
6.77
6.77
6.77
6.77
6.77
6.77
5.81
5.81
5.81
5.81
5.81
5.81
4.86
4.86
2.94
2.94
1.98
1.98
1.98
1.03
1.03
1.03
1.03
0.07
0.07
-0.89
-1.84
-3.76
-3.76
-3.76
-4.72
-4.72
-5.67
-6.63
-9.5
-9.5
-11.41
-12.37
-12.37
-13.33
-13.33
-12.37
-12.37
-10.46
-9.5
-7.59
-5.67
-3.76
-2.8
-1.84
-0.89
0.07
0.07
0.07
0.07
1.03
1.03
1.98
1.98
1.98
2.94
3.9
3.9
2.94
2.94
1.98
0.07
-0.89
-1.84
-1.84
-2.8
-2.8
-2.8
-3.76
-3.76
-4.72
-4.72
-6.63
-6.63
-5.67
-5.67
-5.67
-4.72
-3.76
-3.76
-2.8
-0.89
0.07
1.03
1.98
3.9
4.86
5.81
6.77
6.77
7.73
7.73
7.73
7.73
6.77
6.77
5.81
4.86
2.94
2.94
1.03
1.03
0.07
-0.89
-0.89
-1.84
-2.8
-1.84
-0.89
0.07
0.07
1.03
1.03
1.98
1.98
2.94
1.98
1.98
2.94
3.9
3.9
4.86
3.9
3.9
3.9
3.9
3.9
3.9
3.9
4.86
4.86
4.86
5.81
5.81
4.86
4.86
3.9
3.9
3.9
2.94
2.94
1.98
1.03
0.07
0.07
-0.89
-1.84
-2.8
-2.8
-3.76
-3.76
-3.76
-3.76
-4.72
-4.72
-4.72
-4.72
-4.72
-3.76
-2.8
-3.76
-2.8
-2.8
-2.8
-1.84
-1.84
-0.89
0.07
1.03
1.03
1.98
1.03
1.03
1.03
1.03
1.03
1.03
1.98
1.98
2.94
4.86
4.86
5.81
4.86
4.86
5.81
4.86
3.9
3.9
3.9
2.94
2.94
1.98
1.98
1.03
-0.89
-0.89
-1.84
-2.8
-2.8
-2.8
-2.8
-2.8
-2.8
-2.8
-2.8
-2.8
-3.76
-4.72
-4.72
-6.63
-6.63
-6.63
-7.59
-7.59
-8.54
-8.54
-8.54
-7.59
-7.59
-7.59
-6.63
-5.67
-4.72
-2.8
-1.84
-0.89
0.07
1.03
1.03
1.03
1.98
2.94
4.86
5.81
6.77
7.73
8.68
8.68
9.64
9.64
9.64
9.64
8.68
8.68
7.73
6.77
5.81
4.86
2.94
1.98
1.03
-0.89
-1.84
-2.8
-3.76
-3.76
-4.72
-4.72
-5.67
-6.63
-6.63
-7.59
-8.54
-9.5
-8.54
-8.54
-8.54
-8.54
-7.59
-7.59
-6.63
-6.63
-5.67
-5.67
-4.72
-4.72
-4.72
-3.76
-2.8
-2.8
-1.84
-1.84
-1.84
-1.84
-1.84
-1.84
-0.89
0.07
0.07
0.07
0.07
0.07
0.07
0.07
0.07
-0.89
-0.89
-0.89
-1.84
-2.8
-3.76
-4.72
-5.67
-4.72
-5.67
-4.72
-4.72
-4.72
-4.72
-3.76
-3.76
-1.84
-0.89
0.07
1.03
2.94
3.9
4.86
5.81
7.73
9.64
9.64
11.55
12.51
13.47
13.47
13.47
13.47
13.47
12.51
11.55
10.6
9.64
9.64
10.6
10.6
10.6
9.64
9.64
8.68
7.73
7.73
6.77
6.77
5.81
4.86
3.9
3.9
3.9
2.94
2.94
1.98
1.98
1.98
1.03
0.07
0.07
0.07
-0.89
-1.84
-1.84
-2.8
-2.8
-2.8
-2.8
-2.8
-3.76
-2.8
-1.84
-1.84
-1.84
-1.84
-0.89
-0.89
0.07
1.03
1.03
1.98
1.98
1.03
1.03
0.07
-0.89
-1.84
-2.8
-2.8
-3.76
-4.72
-4.72
-5.67
-4.72
-4.72
-5.67
-4.72
-4.72
-4.72
-4.72
-4.72
-2.8
-2.8
-2.8
-2.8
-1.84
-2.8
-3.76
-3.76
-4.72
-4.72
-7.59
-6.63
-7.59
-8.54
-8.54
-9.5
-9.5
-8.54
-8.54
-8.54
-7.59
-7.59
-6.63
-5.67
-4.72
-4.72
-2.8
-2.8
-1.84
-0.89
0.07
0.07
1.03
1.98
1.98
2.94
2.94
2.94
2.94
2.94
2.94
1.98
1.98
1.98
1.98
1.98
1.98
1.98
1.98
1.03
1.03
0.07
0.07
-0.89
-0.89
0.07
0.07
0.07
1.03
1.98
2.94
2.94
2.94
2.94
2.94
2.94
2.94
2.94
2.94
1.98
2.94
2.94
3.9
4.86
5.81
5.81
6.77
7.73
7.73
8.68
7.73
6.77
6.77
6.77
5.81
5.81
4.86
5.81
5.81
5.81
5.81
4.86
3.9
2.94
1.98
1.03
1.03
1.98
1.98
2.94
2.94
2.94
2.94
2.94
2.94
1.98
1.03
1.03
1.03
1.03
1.03
1.03
1.98
2.94
3.9
3.9
3.9
3.9
3.9
3.9
2.94
1.98
1.98
1.03
0.07
-0.89
-0.89
-2.8
-3.76
-3.76
-4.72
-5.67
-6.63
-6.63
-7.59
-8.54
-9.5
-9.5
-10.46
-10.46
-10.46
-10.46
-9.5
-9.5
-8.54
-8.54
-7.59
-6.63
-5.67
-4.72
-4.72
-3.76
-3.76
-2.8
-1.84
-0.89
-0.89
-0.89
-1.84
-2.8
-2.8
-2.8
-3.76
-3.76
-3.76
-3.76
-3.76
-3.76
-3.76
-3.76
-4.72
-4.72
-4.72
-4.72
-4.72
-4.72
-4.72
-3.76
-3.76
-2.8
-2.8
-2.8
-1.84
-0.89
-0.89
-0.89
-1.84
-1.84
-0.89
-0.89
-0.89
-0.89
0.07
0.07
0.07
0.07
0.07
1.03
1.98
2.94
4.86
5.81
5.81
7.73
7.73
8.68
9.64
9.64
10.6
10.6
11.55
11.55
11.55
11.55
10.6
9.64
9.64
9.64
8.68
8.68
8.68
8.68
8.68
7.73
7.73
7.73
7.73
6.77
7.73
7.73
6.77
6.77
6.77
5.81
5.81
4.86
4.86
3.9
1.98
1.98
0.07
0.07
-1.84
-2.8
-3.76
-4.72
-5.67
-6.63
-7.59
-8.54
-8.54
-9.5
-9.5
-10.46
-10.46
-10.46
-10.46
-9.5
-9.5
-8.54
-7.59
-6.63
-5.67
-4.72
-2.8
-0.89
1.03
2.94
4.86
5.81
7.73
8.68
9.64
9.64
10.6
10.6
10.6
8.68
7.73
6.77
5.81
3.9
2.94
1.03
1.03
0.07
-1.84
0.07
-0.89
-0.89
-0.89
-1.84
-2.8
-2.8
-3.76
-4.72
-4.72
-4.72
-4.72
-4.72
-4.72
-5.67
-5.67
-5.67
-6.63
-6.63
-7.59
-7.59
-7.59
-8.54
-8.54
-8.54
-8.54
-8.54
-7.59
-7.59
-6.63
-6.63
-6.63
-5.67
-5.67
-4.72
-4.72
-4.72
-3.76
-2.8
-0.89
0.07
1.98
1.98
2.94
3.9
4.86
4.86
5.81
6.77
7.73
7.73
7.73
9.64
9.64
9.64
9.64
9.64
9.64
8.68
8.68
8.68
8.68
8.68
7.73
7.73
7.73
6.77
5.81
5.81
5.81
4.86
4.86
3.9
3.9
2.94
2.94
1.98
0.07
-0.89
-1.84
-2.8
-3.76
-3.76
-4.72
-4.72
-4.72
-4.72
-4.72
-4.72
-5.67
-5.67
-5.67
-5.67
-5.67
-5.67
-5.67
-5.67
-4.72
-3.76
-3.76
-4.72
-2.8
-1.84
-0.89
0.07
1.03
1.03
1.98
1.03
1.03
1.03
0.07
0.07
0.07
-0.89
-1.84
-2.8
-3.76
-3.76
-4.72
-4.72
-4.72
-4.72
-4.72
-4.72
-4.72
-3.76
-3.76
-2.8
-1.84
0.07
1.03
1.98
1.98
2.94
3.9
3.9
4.86
4.86
5.81
5.81
5.81
6.77
5.81
5.81
5.81
5.81
4.86
3.9
2.94
1.98
0.07
-0.89
-1.84
-2.8
-3.76
-3.76
-3.76
-3.76
-3.76
-2.8
-2.8
-2.8
-2.8
-2.8
-1.84
-1.84
-1.84
-0.89
0.07
0.07
0.07
0.07
0.07
-1.84
-1.84
-2.8
-4.72
-4.72
-4.72
-4.72
-5.67
-5.67
-4.72
-4.72
-4.72
-4.72
-3.76
-2.8
-2.8
-2.8
-1.84
-1.84
-1.84
-1.84
-0.89
-0.89
-0.89
0.07
0.07
1.03
1.03
1.98
1.98
1.98
1.98
1.98
1.03
1.98
1.98
1.98
1.98
1.03
0.07
0.07
0.07
0.07
1.03
1.03
1.98
2.94
2.94
3.9
4.86
5.81
6.77
7.73
8.68
7.73
7.73
7.73
7.73
6.77
5.81
5.81
4.86
3.9
3.9
3.9
3.9
3.9
3.9
1.98
3.9
3.9
3.9
3.9
3.9
1.98
2.94
1.98
1.03
1.03
0.07
0.07
-0.89
-0.89
-0.89
-1.84
-0.89
-0.89
-0.89
0.07
0.07
0.07
0.07
0.07
0.07
-0.89
-0.89
-0.89
-0.89
-1.84
-1.84
-1.84
-1.84
-1.84
-1.84
-1.84
-1.84
-1.84
-0.89
-1.84
-1.84
-1.84
-1.84
-1.84
-2.8
-2.8
-2.8
-3.76
-3.76
-4.72
-4.72
-4.72
-4.72
-4.72
-4.72
-3.76
-4.72
-3.76
-3.76
-3.76
-3.76
-4.72
-5.67
-3.76
-3.76
-3.76
-3.76
-3.76
-2.8
-2.8
-2.8
-2.8
-2.8
-1.84
-1.84
-1.84
-1.84
-1.84
-1.84
-1.84
-1.84
-1.84
-1.84
-1.84
-1.84
-0.89
-0.89
0.07
0.07
0.07
0.07
1.03
0.07
0.07
0.07
-1.84
-0.89
0.07
-0.89
-0.89
-0.89
-0.89
-0.89
-0.89
-0.89
0.07
0.07
1.03
1.03
1.98
1.98
1.98
1.98
1.98
1.98
1.03
0.07
1.03
0.07
0.07
0.07
0.07
0.07
1.03
1.98
1.98
2.94
3.9
4.86
4.86
5.81
5.81
5.81
6.77
5.81
6.77
5.81
5.81
5.81
5.81
5.81
4.86
4.86
3.9
3.9
3.9
3.9
3.9
3.9
3.9
3.9
3.9
3.9
3.9
3.9
2.94
2.94
2.94
1.98
1.98
1.03
1.03
1.03
1.03
1.03
1.03
1.03
1.03
1.03
0.07
0.07
0.07
-0.89
-0.89
-0.89
-1.84
-2.8
-2.8
-2.8
-2.8
-3.76
-3.76
-3.76
-4.72
-3.76
-2.8
-2.8
-1.84
-1.84
-1.84
-0.89
-1.84
-1.84
-1.84
-1.84
-2.8
-3.76
-3.76
-3.76
-4.72
-4.72
-4.72
-5.67
-5.67
-5.67
-4.72
-5.67
-4.72
-4.72
-4.72
-4.72
-4.72
-4.72
-4.72
-4.72
-4.72
-4.72
-4.72
-3.76
-3.76
-2.8
-1.84
-1.84
-0.89
-0.89
0.07
1.03
1.03
1.03
1.98
1.98
1.98
1.98
1.98
1.98
1.98
1.98
1.98
1.98
2.94
3.9
3.9
4.86
5.81
4.86
5.81
5.81
5.81
4.86
4.86
4.86
5.81
5.81
6.77
7.73
7.73
6.77
7.73
7.73
6.77
6.77
6.77
5.81
4.86
4.86
3.9
2.94
1.98
1.98
1.03
1.03
1.03
1.03
1.98
1.03
1.03
1.03
1.03
1.03
1.03
1.03
0.07
0.07
0.07
-1.84
-1.84
-1.84
-3.76
-4.72
-4.72
-5.67
-6.63
-6.63
-9.5
-7.59
-7.59
-7.59
-6.63
-5.67
-4.72
-4.72
-4.72
-4.72
-4.72
-4.72
-4.72
-4.72
-4.72
-4.72
-4.72
-4.72
-4.72
-4.72
-5.67
-4.72
-4.72
-4.72
-4.72
-3.76
-3.76
-3.76
-2.8
-1.84
-0.89
0.07
0.07
1.03
1.03
1.98
2.94
2.94
2.94
2.94
2.94
1.98
1.98
1.03
1.98
1.98
1.98
1.98
1.98
1.98
1.98
1.03
1.03
0.07
-0.89
-1.84
-1.84
-2.8
-2.8
-3.76
-3.76
-3.76
-2.8
-2.8
-1.84
-1.84
-0.89
0.07
1.03
1.98
2.94
3.9
5.81
6.77
7.73
8.68
8.68
9.64
9.64
9.64
10.6
10.6
10.6
9.64
9.64
8.68
7.73
6.77
5.81
5.81
4.86
3.9
3.9
2.94
2.94
2.94
3.9
3.9
3.9
4.86
4.86
5.81
5.81
5.81
5.81
5.81
5.81
4.86
4.86
3.9
2.94
1.98
1.03
0.07
-0.89
-2.8
-3.76
-3.76
-4.72
-4.72
-5.67
-5.67
-5.67
-5.67
-5.67
-5.67
-5.67
-5.67
-4.72
-4.72
-4.72
-4.72
-4.72
-3.76
-3.76
-2.8
-2.8
-1.84
-0.89
-0.89
0.07
0.07
0.07
-0.89
-0.89
0.07
-0.89
-0.89
-0.89
-1.84
-1.84
-1.84
-2.8
-3.76
-3.76
-3.76
-4.72
-3.76
-3.76
-3.76
-3.76
-4.72
-4.72
-4.72
-4.72
-4.72
-4.72
-4.72
-4.72
-4.72
-4.72
-4.72
-4.72
-4.72
-4.72
-4.72
-4.72
-4.72
-4.72
-4.72
-3.76
-3.76
-3.76
-3.76
-3.76
-3.76
-3.76
-2.8
-3.76
-2.8
-2.8
-2.8
-1.84
-1.84
-1.84
0.07
0.07
1.03
1.03
1.03
1.98
2.94
2.94
2.94
2.94
2.94
2.94
2.94
2.94
2.94
3.9
3.9
3.9
4.86
4.86
5.81
5.81
6.77
6.77
7.73
7.73
8.68
8.68
8.68
8.68
7.73
7.73
6.77
6.77
5.81
4.86
4.86
4.86
3.9
4.86
4.86
5.81
4.86
4.86
5.81
5.81
5.81
5.81
4.86
4.86
4.86
4.86
4.86
4.86
4.86
4.86
4.86
3.9
4.86
3.9
3.9
2.94
2.94
1.98
1.98
1.03
1.03
0.07
-0.89
-0.89
-1.84
-2.8
-2.8
-4.72
-4.72
-4.72
-4.72
-4.72
-4.72
-5.67
-5.67
-4.72
-4.72
-4.72
-4.72
-4.72
-4.72
-4.72
-4.72
-3.76
-3.76
-3.76
-3.76
-2.8
-1.84
-1.84
-1.84
-1.84
-1.84
-1.84
-1.84
-1.84
-1.84
-1.84
-2.8
-2.8
-3.76
-3.76
-4.72
-4.72
-4.72
-4.72
-4.72
-4.72
-5.67
-5.67
-6.63
-6.63
-6.63
-6.63
-6.63
-6.63
-6.63
-5.67
-4.72
-4.72
-3.76
-2.8
-1.84
-0.89
0.07
0.07
1.03
1.03
1.98
1.98
1.98
2.94
2.94
2.94
3.9
4.86
4.86
4.86
4.86
4.86
4.86
3.9
3.9
3.9
3.9
2.94
2.94
2.94
1.98
1.98
1.98
1.98
1.98
1.03
0.07
0.07
-0.89
-1.84
-1.84
-2.8
-2.8
-2.8
-2.8
-3.76
-2.8
-2.8
-1.84
-1.84
-0.89
0.07
1.03
1.03
1.98
3.9
4.86
4.86
5.81
5.81
5.81
5.81
5.81
4.86
3.9
2.94
1.98
1.98
1.03
0.07
-0.89
-1.84
-2.8
-3.76
-4.72
-4.72
-4.72
-4.72
-3.76
-3.76
-2.8
-2.8
-0.89
0.07
1.03
1.03
1.03
1.98
1.98
1.98
1.98
1.98
2.94
2.94
2.94
1.98
1.98
1.98
1.98
1.98
1.98
1.98
1.98
1.98
1.98
1.98
1.98
1.98
1.98
1.98
1.98
1.98
1.98
1.03
1.03
0.07
0.07
-0.89
-0.89
-0.89
-1.84
-1.84
-2.8
-2.8
-2.8
-2.8
-2.8
-1.84
-1.84
-1.84
-0.89
-0.89
0.07
0.07
1.03
1.98
1.98
1.98
1.98
1.98
1.98
1.98
1.98
1.03
1.03
1.03
1.03
1.03
1.03
0.07
0.07
-0.89
-1.84
-1.84
-2.8
-3.76
-2.8
-2.8
-2.8
-1.84
-1.84
-0.89
0.07
0.07
1.03
1.98
1.98
2.94
1.98
1.98
1.98
1.98
1.98
1.98
1.03
1.03
1.03
0.07
0.07
-0.89
-0.89
-1.84
-1.84
-2.8
-3.76
-2.8
-3.76
-2.8
-3.76
-2.8
-2.8
-2.8
-2.8
-1.84
-0.89
-0.89
0.07
0.07
1.03
1.03
1.98
1.98
1.98
1.98
2.94
2.94
2.94
2.94
3.9
3.9
3.9
3.9
3.9
3.9
3.9
3.9
2.94
1.98
1.98
1.03
0.07
0.07
-1.84
-1.84
-1.84
-2.8
-2.8
-2.8
-2.8
-2.8
-2.8
-1.84
-1.84
-1.84
-2.8
-2.8
-1.84
-2.8
-1.84
-1.84
-1.84
-1.84
-0.89
-0.89
-0.89
-0.89
-0.89
-0.89
-1.84
-1.84
-1.84
-1.84
-1.84
-1.84
-1.84
-0.89
-0.89
-0.89
-0.89
-0.89
-0.89
-0.89
-0.89
-0.89
-0.89
-0.89
-0.89
-0.89
0.07
0.07
0.07
0.07
0.07
0.07
0.07
-0.89
-0.89
0.07
-0.89
0.07
1.03
1.03
1.03
1.98
2.94
2.94
2.94
2.94
2.94
2.94
2.94
2.94
1.98
1.98
1.98
2.94
2.94
2.94
2.94
3.9
3.9
3.9
3.9
3.9
3.9
3.9
2.94
2.94
2.94
1.98
1.98
1.98
1.03
0.07
-0.89
-1.84
-1.84
-2.8
-2.8
-3.76
-3.76
-3.76
-3.76
-2.8
-2.8
-1.84
-0.89
-0.89
0.07
1.03
1.03
1.98
1.03
1.03
1.03
1.98
1.98
1.03
1.03
1.03
1.03
0.07
0.07
-0.89
-0.89
-1.84
-1.84
-1.84
-2.8
-2.8
-2.8
-2.8
-2.8
-2.8
-2.8
-2.8
-2.8
-1.84
-1.84
-1.84
-1.84
-1.84
-0.89
-0.89
-0.89
-0.89
-0.89
-1.84
-1.84
-2.8
-3.76
-3.76
-4.72
-4.72
-5.67
-5.67
-5.67
-5.67
-4.72
-4.72
-4.72
-4.72
-3.76
-2.8
-1.84
-0.89
0.07
1.03
1.03
1.98
1.98
1.98
2.94
3.9
3.9
4.86
4.86
4.86
5.81
5.81
5.81
5.81
6.77
6.77
6.77
5.81
6.77
6.77
6.77
5.81
5.81
4.86
3.9
3.9
2.94
2.94
1.98
1.98
1.03
1.03
1.03
1.03
1.03
1.98
1.03
1.03
0.07
0.07
0.07
0.07
0.07
0.07
0.07
-0.89
0.07
-0.89
-0.89
-0.89
0.07
0.07
0.07
1.03
1.03
1.03
1.03
1.03
0.07
0.07
0.07
-0.89
-1.84
-1.84
-2.8
-3.76
-2.8
-3.76
-3.76
-3.76
-3.76
-3.76
-3.76
-2.8
-2.8
-2.8
-3.76
-2.8
-2.8
-2.8
-1.84
-1.84
-1.84
-1.84
-1.84
-1.84
-1.84
-0.89
-1.84
-1.84
-1.84
-1.84
-0.89
-0.89
-0.89
0.07
0.07
0.07
1.03
0.07
1.03
1.03
1.03
1.03
1.98
1.98
1.03
1.03
1.03
0.07
0.07
0.07
0.07
0.07
-0.89
-0.89
-0.89
-1.84
-0.89
-0.89
-0.89
-1.84
-1.84
-1.84
-1.84
-1.84
-1.84
-1.84
-0.89
0.07
0.07
1.03
1.03
1.98
2.94
2.94
3.9
3.9
3.9
3.9
3.9
2.94
2.94
2.94
2.94
2.94
1.98
1.98
1.98
1.98
1.98
1.98
1.98
1.98
1.03
1.98
1.03
1.03
0.07
0.07
-0.89
-0.89
-1.84
-1.84
-2.8
-2.8
-2.8
-2.8
-2.8
-2.8
-1.84
-0.89
-0.89
-0.89
-0.89
0.07
-0.89
-0.89
-0.89
-0.89
-1.84
-1.84
-1.84
-1.84
-1.84
-1.84
-1.84
-1.84
-0.89
-0.89
0.07
1.03
1.03
1.98
1.98
1.98
1.98
1.98
2.94
1.98
2.94
2.94
2.94
1.98
1.98
2.94
1.98
1.98
1.98
1.98
1.98
1.98
1.98
1.03
1.03
1.03
1.03
1.03
1.03
1.03
1.03
1.98
1.98
1.98
1.98
1.98
1.98
1.98
1.98
1.03
1.03
0.07
0.07
-0.89
-0.89
-1.84
-1.84
-2.8
-2.8
-3.76
-2.8
-2.8
-2.8
-2.8
-2.8
-2.8
-1.84
-1.84
-1.84
-1.84
-0.89
-0.89
0.07
0.07
0.07
1.03
1.03
1.03
1.03
0.07
0.07
0.07
0.07
-0.89
-0.89
-1.84
-1.84
-2.8
-2.8
-3.76
-3.76
-4.72
-4.72
-4.72
-4.72
-4.72
-4.72
-4.72
-4.72
-3.76
-3.76
-2.8
-3.76
-1.84
-1.84
-0.89
-0.89
0.07
1.03
1.03
1.03
1.03
1.03
1.03
1.03
1.03
1.03
1.03
1.03
0.07
0.07
1.03
1.03
1.03
1.03
1.98
1.98
2.94
2.94
2.94
2.94
2.94
3.9
3.9
3.9
3.9
4.86
4.86
5.81
5.81
5.81
5.81
5.81
4.86
4.86
4.86
3.9
2.94
1.03
1.98
1.98
1.98
1.98
1.98
2.94
2.94
1.98
1.98
1.98
1.98
1.98
1.03
1.03
0.07
-0.89
-0.89
-1.84
-1.84
-2.8
-2.8
-2.8
-2.8
-2.8
-2.8
-1.84
-1.84
-1.84
-1.84
-1.84
-1.84
-1.84
-1.84
-2.8
-3.76
-3.76
-4.72
-4.72
-4.72
-4.72
-4.72
-4.72
-4.72
-4.72
-4.72
-4.72
-4.72
-4.72
-4.72
-4.72
-4.72
-3.76
-3.76
-2.8
-2.8
-1.84
-1.84
-0.89
0.07
0.07
1.03
1.98
2.94
2.94
2.94
3.9
4.86
4.86
4.86
4.86
5.81
4.86
4.86
4.86
3.9
2.94
1.98
1.98
1.98
1.03
1.03
1.03
0.07
0.07
0.07
-0.89
-0.89
-1.84
-1.84
-1.84
-1.84
-1.84
-1.84
-1.84
-2.8
-2.8
-2.8
-2.8
-2.8
-2.8
-1.84
-1.84
-0.89
-0.89
-1.84
-0.89
0.07
0.07
0.07
0.07
1.03
1.03
1.98
1.98
1.98
2.94
2.94
2.94
3.9
2.94
3.9
3.9
3.9
3.9
3.9
3.9
2.94
3.9
2.94
2.94
1.98
1.03
1.03
0.07
0.07
0.07
-0.89
-0.89
-1.84
-1.84
-2.8
-2.8
-2.8
-2.8
-2.8
-3.76
-2.8
-2.8
-2.8
-2.8
-2.8
-2.8
-2.8
-1.84
-1.84
-1.84
-0.89
-0.89
0.07
0.07
0.07
0.07
0.07
1.03
1.03
0.07
1.03
1.03
1.03
1.03
1.03
1.98
1.03
1.03
1.03
1.03
0.07
0.07
0.07
0.07
0.07
-0.89
0.07
-0.89
-1.84
-0.89
-0.89
-1.84
0.07
0.07
1.03
1.03
1.03
1.03
1.03
1.03
1.03
1.03
1.03
0.07
1.03
1.03
0.07
0.07
0.07
0.07
-0.89
-0.89
-0.89
-0.89
0.07
0.07
0.07
1.03
1.03
1.03
1.98
1.98
2.94
2.94
2.94
2.94
2.94
2.94
1.98
1.03
1.03
0.07
0.07
-0.89
-0.89
-1.84
-1.84
-2.8
-3.76
-3.76
-3.76
-4.72
-3.76
-3.76
-4.72
-3.76
-3.76
-2.8
-2.8
-1.84
-0.89
0.07
1.03
1.03
1.98
1.03
2.94
2.94
2.94
2.94
2.94
2.94
2.94
1.98
1.03
1.03
0.07
0.07
0.07
-0.89
-0.89
-0.89
-1.84
-1.84
-1.84
-1.84
-1.84
-0.89
-0.89
0.07
0.07
1.03
1.03
1.03
1.03
1.03
1.03
1.03
1.03
1.03
1.03
1.03
1.03
1.03
0.07
0.07
0.07
0.07
0.07
-0.89
-0.89
0.07
0.07
0.07
0.07
0.07
1.03
1.03
1.03
1.98
1.98
1.98
1.03
1.03
1.98
1.98
1.98
1.98
1.98
1.03
1.03
1.03
1.03
1.03
1.03
1.03
1.98
1.98
1.98
1.98
1.98
1.98
1.98
2.94
2.94
2.94
3.9
3.9
4.86
4.86
4.86
4.86
4.86
4.86
3.9
3.9
2.94
1.98
1.98
1.03
0.07
0.07
-0.89
-1.84
-2.8
-3.76
-3.76
-4.72
-4.72
-4.72
-4.72
-4.72
-4.72
-4.72
-4.72
-3.76
-3.76
-4.72
-3.76
-3.76
-4.72
-4.72
-4.72
-4.72
-4.72
-3.76
-4.72
-3.76
-3.76
-3.76
-3.76
-3.76
-2.8
-2.8
-2.8
-1.84
-1.84
-1.84
-0.89
-0.89
0.07
0.07
0.07
0.07
0.07
0.07
0.07
0.07
0.07
0.07
1.03
1.03
1.03
1.03
1.03
1.03
1.03
0.07
1.03
1.03
1.03
0.07
1.03
1.03
1.03
1.03
1.03
1.98
1.98
1.98
1.98
1.98
1.98
1.03
1.03
0.07
-0.89
-0.89
-0.89
-0.89
-1.84
-1.84
-2.8
-2.8
-2.8
-2.8
-2.8
-2.8
-2.8
-1.84
-1.84
-0.89
0.07
1.03
1.98
1.98
2.94
2.94
3.9
3.9
4.86
4.86
4.86
4.86
5.81
5.81
4.86
5.81
4.86
4.86
3.9
3.9
3.9
3.9
2.94
2.94
1.98
1.98
1.03
1.03
0.07
0.07
0.07
-0.89
-0.89
-1.84
-1.84
-1.84
-2.8
-2.8
-3.76
-3.76
-3.76
-4.72
-4.72
-4.72
-4.72
-4.72
-3.76
-3.76
-3.76
-2.8
-1.84
-1.84
-0.89
0.07
0.07
1.03
1.03
1.03
1.98
1.98
1.98
1.98
1.98
1.98
1.98
1.03
1.03
1.03
0.07
0.07
0.07
0.07
-0.89
-1.84
-1.84
-2.8
-2.8
-3.76
-3.76
-3.76
-3.76
-3.76
-3.76
-2.8
-2.8
-1.84
-0.89
-0.89
0.07
0.07
1.03
1.03
1.03
1.98
1.98
1.98
1.98
1.98
2.94
2.94
2.94
3.9
3.9
3.9
3.9
3.9
3.9
2.94
2.94
2.94
2.94
1.98
1.98
1.98
1.98
1.98
1.98
1.98
1.98
1.98
1.98
1.98
1.98
1.98
1.98
1.98
1.03
1.03
1.03
0.07
0.07
-0.89
-0.89
-0.89
-0.89
-1.84
-1.84
-1.84
-1.84
-1.84
-0.89
-0.89
-0.89
0.07
0.07
1.03
1.03
1.98
1.98
2.94
2.94
2.94
1.98
1.98
1.98
1.03
1.03
0.07
-0.89
-1.84
-2.8
-1.84
-1.84
-2.8
-2.8
-2.8
-3.76
-3.76
-3.76
-3.76
-3.76
-3.76
-3.76
-3.76
-2.8
-2.8
-3.76
-2.8
-1.84
-1.84
-1.84
-1.84
-1.84
-0.89
-0.89
-0.89
-0.89
0.07
0.07
0.07
0.07
0.07
0.07
0.07
0.07
0.07
-0.89
-0.89
-0.89
-0.89
-0.89
0.07
0.07
0.07
1.03
1.03
1.98
1.98
1.98
2.94
2.94
2.94
2.94
1.98
1.98
1.98
1.98
1.98
2.94
2.94
2.94
2.94
2.94
2.94
2.94
2.94
1.98
1.98
1.98
1.03
1.03
1.03
1.03
1.03
1.03
0.07
0.07
0.07
0.07
0.07
0.07
-0.89
0.07
0.07
0.07
0.07
0.07
-0.89
0.07
0.07
0.07
0.07
1.03
1.03
1.98
1.98
1.98
2.94
2.94
2.94
2.94
2.94
2.94
2.94
2.94
1.98
1.98
1.03
1.98
1.03
0.07
0.07
0.07
-0.89
-0.89
-0.89
-0.89
-0.89
-1.84
-0.89
-0.89
-0.89
-0.89
-0.89
-0.89
-0.89
-0.89
-0.89
-0.89
-0.89
-0.89
-0.89
-0.89
-0.89
-0.89
-0.89
-0.89
0.07
0.07
0.07
0.07
0.07
0.07
1.03
1.03
1.03
1.03
0.07
0.07
-0.89
-0.89
-1.84
-3.76
-2.8
-3.76
-4.72
-4.72
-4.72
-4.72
-5.67
-5.67
-5.67
-5.67
-5.67
-5.67
-4.72
-4.72
-4.72
-3.76
-3.76
-3.76
-3.76
-2.8
-2.8
-1.84
-1.84
-0.89
0.07
0.07
1.03
1.03
1.03
1.03
1.98
1.03
1.03
1.03
1.03
1.03
1.03
1.03
1.98
1.03
1.03
1.98
1.98
1.98
1.98
1.98
1.98
1.98
1.98
1.98
1.98
1.03
1.03
1.03
1.03
1.03
1.03
1.98
1.03
1.03
1.03
1.03
1.03
0.07
0.07
0.07
0.07
1.03
1.03
1.03
1.03
1.03
2.94
2.94
3.9
2.94
3.9
3.9
3.9
3.9
3.9
3.9
3.9
2.94
2.94
1.98
1.98
1.98
1.98
1.98
1.98
1.03
1.98
1.03
1.03
1.03
1.03
0.07
0.07
0.07
0.07
0.07
0.07
0.07
0.07
0.07
0.07
-0.89
-0.89
-0.89
-0.89
-0.89
-1.84
-1.84
-2.8
-2.8
-2.8
-2.8
-2.8
-3.76
-2.8
-3.76
-1.84
-1.84
-0.89
-0.89
-0.89
-0.89
0.07
0.07
-0.89
0.07
1.03
0.07
1.03
1.03
1.03
0.07
0.07
0.07
0.07
-0.89
-0.89
-0.89
-0.89
-1.84
-1.84
-2.8
-3.76
-3.76
-3.76
-4.72
-4.72
-5.67
-5.67
-5.67
-6.63
-6.63
-5.67
-5.67
-5.67
-4.72
-4.72
-4.72
-3.76
-2.8
-2.8
-2.8
-1.84
-0.89
-0.89
0.07
1.03
1.03
1.98
1.98
1.98
2.94
3.9
3.9
3.9
3.9
4.86
4.86
4.86
4.86
4.86
4.86
5.81
4.86
4.86
4.86
4.86
5.81
5.81
5.81
5.81
4.86
5.81
5.81
5.81
5.81
5.81
5.81
5.81
5.81
5.81
5.81
5.81
4.86
3.9
3.9
1.98
1.98
1.98
1.03
0.07
-0.89
-0.89
-1.84
-1.84
-3.76
-2.8
-2.8
-2.8
-2.8
-2.8
-2.8
-2.8
-2.8
-3.76
-2.8
-2.8
-2.8
-2.8
-2.8
-2.8
-2.8
-1.84
-2.8
-1.84
-2.8
-2.8
-2.8
-2.8
-2.8
-2.8
-2.8
-2.8
-2.8
-2.8
-2.8
-1.84
-1.84
-1.84
-1.84
-0.89
-0.89
-0.89
-0.89
-0.89
-0.89
-0.89
-0.89
-0.89
-0.89
-0.89
-0.89
0.07
0.07
0.07
0.07
-0.89
-0.89
-0.89
-0.89
-0.89
-0.89
-0.89
-0.89
0.07
0.07
0.07
0.07
0.07
0.07
0.07
0.07
0.07
0.07
0.07
-0.89
-0.89
-0.89
-0.89
-0.89
-0.89
-0.89
-0.89
-0.89
-0.89
-0.89
0.07
0.07
0.07
1.03
1.03
1.03
1.98
1.98
1.98
1.98
2.94
2.94
2.94
2.94
2.94
1.98
2.94
1.98
1.98
1.98
1.98
1.98
1.98
1.98
1.98
1.03
1.03
0.07
0.07
0.07
0.07
0.07
0.07
0.07
0.07
-1.84
0.07
0.07
0.07
0.07
0.07
-0.89
0.07
0.07
0.07
0.07
0.07
1.03
0.07
1.03
0.07
1.03
0.07
0.07
0.07
0.07
0.07
0.07
0.07
0.07
1.03
1.03
1.03
1.03
1.03
1.03
1.03
1.03
1.03
0.07
0.07
0.07
-0.89
-0.89
-0.89
-0.89
-0.89
-0.89
-0.89
-0.89
-0.89
-0.89
-0.89
-0.89
-0.89
-0.89
-1.84
-0.89
-1.84
-0.89
-1.84
-1.84
-1.84
-1.84
-1.84
-1.84
-0.89
-0.89
-0.89
-0.89
-0.89
0.07
0.07
0.07
0.07
0.07
0.07
0.07
-0.89
-1.84
-1.84
-1.84
-2.8
-2.8
-3.76
-3.76
-3.76
-4.72
-4.72
-3.76
-3.76
-3.76
-2.8
-1.84
-1.84
-0.89
-0.89
-0.89
0.07
1.03
1.03
1.03
1.03
1.98
1.98
1.98
1.98
1.98
2.94
1.98
2.94
2.94
1.98
1.98
1.98
1.98
1.98
1.98
1.98
1.98
1.98
1.98
1.98
1.98
1.98
1.98
2.94
1.98
2.94
2.94
2.94
2.94
3.9
2.94
2.94
2.94
2.94
2.94
2.94
1.98
1.98
1.98
1.03
1.03
0.07
0.07
0.07
-0.89
-0.89
-0.89
-0.89
-0.89
-0.89
-0.89
-0.89
-0.89
-0.89
-0.89
-0.89
-0.89
-0.89
-0.89
-1.84
-1.84
-1.84
-1.84
-1.84
-2.8
-2.8
-2.8
-2.8
-2.8
-2.8
-2.8
-2.8
-2.8
-2.8
-1.84
-2.8
-1.84
-1.84
-1.84
-0.89
-0.89
-0.89
-0.89
0.07
0.07
0.07
1.03
1.03
1.98
1.03
1.98
2.94
2.94
3.9
3.9
3.9
3.9
4.86
5.81
5.81
5.81
5.81
5.81
5.81
5.81
4.86
4.86
4.86
3.9
3.9
3.9
3.9
2.94
2.94
2.94
2.94
2.94
1.98
1.03
1.03
0.07
0.07
-0.89
-0.89
-1.84
-1.84
-1.84
-2.8
-2.8
-2.8
-2.8
-2.8
-3.76
-3.76
-3.76
-3.76
-4.72
-4.72
-4.72
-4.72
-4.72
-4.72
-4.72
-4.72
-4.72
-4.72
-3.76
-3.76
-3.76
-2.8
-2.8
-2.8
-2.8
-1.84
-2.8
-1.84
-1.84
-2.8
-2.8
-2.8
-2.8
-2.8
-2.8
-3.76
-3.76
-3.76
-4.72
-3.76
-4.72
-4.72
-3.76
-3.76
-3.76
-2.8
-2.8
-1.84
-2.8
-1.84
-0.89
-0.89
-0.89
0.07
1.03
1.03
1.03
1.98
1.98
2.94
2.94
2.94
3.9
3.9
3.9
3.9
3.9
2.94
3.9
3.9
2.94
2.94
2.94
2.94
1.98
1.98
1.98
1.98
1.98
1.03
1.03
1.98
1.98
1.98
1.98
1.98
2.94
2.94
2.94
2.94
2.94
3.9
3.9
2.94
3.9
3.9
3.9
3.9
4.86
4.86
4.86
4.86
5.81
5.81
5.81
5.81
5.81
6.77
6.77
5.81
5.81
4.86
4.86
4.86
3.9
3.9
2.94
2.94
1.98
1.03
0.07
0.07
-0.89
-0.89
-1.84
-2.8
-2.8
-2.8
-2.8
-2.8
-2.8
-2.8
-3.76
-3.76
-3.76
-3.76
-3.76
-4.72
-4.72
-4.72
-4.72
-4.72
-4.72
-4.72
-4.72
-4.72
-4.72
-4.72
-4.72
-4.72
-4.72
-4.72
-4.72
-4.72
-4.72
-4.72
-4.72
-5.67
-4.72
-4.72
-4.72
-4.72
-4.72
-4.72
-4.72
-3.76
-3.76
-2.8
-2.8
-1.84
-1.84
-0.89
-0.89
-0.89
0.07
0.07
1.03
1.03
1.98
1.98
1.98
1.98
2.94
1.98
2.94
2.94
3.9
3.9
3.9
3.9
3.9
2.94
3.9
2.94
3.9
3.9
2.94
3.9
3.9
3.9
3.9
3.9
3.9
3.9
3.9
3.9
3.9
3.9
4.86
4.86
3.9
3.9
3.9
3.9
3.9
2.94
2.94
2.94
1.98
1.98
1.98
1.98
1.03
1.03
0.07
1.03
0.07
1.03
0.07
0.07
0.07
0.07
-0.89
0.07
0.07
0.07
-0.89
0.07
0.07
0.07
0.07
0.07
-0.89
-0.89
-0.89
-0.89
-0.89
-0.89
-0.89
-0.89
-0.89
-1.84
-1.84
-1.84
-1.84
-1.84
-1.84
-1.84
-1.84
-1.84
-1.84
-1.84
-1.84
-1.84
-0.89
-0.89
-0.89
-0.89
-1.84
-0.89
-0.89
-1.84
-1.84
-1.84
-1.84
-1.84
-1.84
-1.84
-1.84
-1.84
-2.8
-2.8
-2.8
-2.8
-2.8
-1.84
-1.84
-1.84
-1.84
-0.89
-0.89
-0.89
-0.89
-0.89
0.07
0.07
0.07
0.07
0.07
-0.89
-1.84
-0.89
-0.89
-1.84
-0.89
-0.89
-0.89
-1.84
-1.84
-1.84
-2.8
-2.8
-2.8
-3.76
-2.8
-2.8
-2.8
-1.84
-1.84
-1.84
-1.84
-0.89
-0.89
-0.89
-0.89
0.07
0.07
1.03
1.98
1.98
2.94
2.94
3.9
4.86
4.86
5.81
4.86
5.81
6.77
6.77
6.77
6.77
6.77
6.77
6.77
6.77
7.73
7.73
7.73
7.73
7.73
6.77
6.77
6.77
5.81
5.81
5.81
5.81
4.86
3.9
2.94
2.94
1.98
0.07
1.03
0.07
-0.89
-1.84
-1.84
-1.84
-2.8
-2.8
-3.76
-3.76
-3.76
-3.76
-4.72
-4.72
-4.72
-4.72
-4.72
-4.72
-4.72
-4.72
-4.72
-4.72
-4.72
-4.72
-3.76
-4.72
-3.76
-3.76
-3.76
-3.76
-3.76
-3.76
-3.76
-2.8
-3.76
-3.76
-4.72
-3.76
-3.76
-2.8
-2.8
-2.8
-2.8
-1.84
-2.8
-1.84
-1.84
-1.84
-0.89
-0.89
-0.89
-1.84
-0.89
-0.89
-0.89
-0.89
-0.89
-0.89
-0.89
0.07
-0.89
0.07
0.07
0.07
0.07
-0.89
0.07
-0.89
0.07
0.07
0.07
0.07
0.07
1.03
1.03
1.98
1.98
1.98
2.94
2.94
2.94
2.94
2.94
3.9
3.9
2.94
2.94
2.94
2.94
1.98
1.98
1.98
1.98
1.98
1.98
1.98
1.98
1.98
1.98
1.98
1.98
1.98
1.98
1.98
1.98
1.98
1.98
1.03
0.07
1.03
1.03
0.07
0.07
0.07
0.07
0.07
0.07
-0.89
-0.89
-0.89
-0.89
-0.89
-2.8
-1.84
-1.84
-1.84
-2.8
-2.8
-2.8
-3.76
-2.8
-2.8
-2.8
-2.8
-2.8
-2.8
-2.8
-1.84
-1.84
-0.89
-0.89
0.07
0.07
1.03
1.03
1.03
1.98
1.98
1.98
1.98
2.94
2.94
2.94
2.94
1.98
1.98
1.98
1.98
1.03
1.03
0.07
0.07
1.03
1.03
1.03
1.03
1.03
1.03
1.03
1.03
1.03
1.03
1.03
1.03
1.03
0.07
1.03
1.03
1.03
1.03
1.03
1.98
1.98
1.98
1.98
1.98
2.94
2.94
2.94
2.94
2.94
3.9
2.94
2.94
2.94
1.98
1.98
1.98
1.03
1.98
1.03
1.03
0.07
0.07
0.07
0.07
-0.89
-0.89
-0.89
-0.89
-0.89
-0.89
-0.89
-0.89
-0.89
-1.84
-0.89
-0.89
-1.84
-1.84
-1.84
-1.84
-2.8
-2.8
-2.8
-2.8
-2.8
-3.76
-3.76
-2.8
-2.8
-2.8
-2.8
-2.8
-2.8
-2.8
-2.8
-3.76
-3.76
-3.76
-3.76
-3.76
-3.76
-3.76
-3.76
-3.76
-3.76
-3.76
-3.76
-3.76
-3.76
-3.76
-3.76
-3.76
-3.76
-3.76
-2.8
-2.8
-2.8
-2.8
-2.8
-2.8
-1.84
-1.84
-2.8
-1.84
-0.89
-0.89
0.07
1.03
1.98
1.03
2.94
2.94
3.9
3.9
3.9
4.86
4.86
5.81
5.81
5.81
5.81
5.81
5.81
5.81
5.81
5.81
5.81
4.86
4.86
4.86
4.86
4.86
3.9
3.9
3.9
3.9
3.9
3.9
2.94
2.94
2.94
1.98
1.98
1.98
1.98
1.03
1.03
1.03
1.98
1.03
1.03
1.03
1.03
1.98
1.03
1.03
1.03
1.03
0.07
0.07
-0.89
0.07
0.07
0.07
-0.89
0.07
-0.89
-0.89
-1.84
-2.8
-1.84
-2.8
-2.8
-3.76
-2.8
-2.8
-2.8
-3.76
-2.8
-3.76
-2.8
-2.8
-2.8
-1.84
-1.84
-1.84
-1.84
-0.89
-0.89
-0.89
-1.84
-0.89
-0.89
-0.89
-0.89
-0.89
-1.84
-1.84
-1.84
-1.84
-1.84
-1.84
-1.84
-0.89
-0.89
-0.89
-1.84
-0.89
-0.89
-0.89
-0.89
-0.89
-0.89
-0.89
-0.89
0.07
0.07
0.07
-0.89
0.07
0.07
0.07
0.07
-0.89
-0.89
0.07
-0.89
-0.89
-0.89
-0.89
-0.89
-0.89
-0.89
-0.89
-0.89
-0.89
0.07
0.07
0.07
0.07
1.03
1.03
1.03
1.98
1.98
1.98
1.98
1.98
1.98
1.98
1.98
1.98
1.98
1.98
1.98
1.98
1.98
1.98
1.98
1.98
1.98
1.98
1.98
1.98
1.98
1.98
1.98
1.98
1.98
1.98
1.98
1.03
1.03
1.03
1.03
0.07
0.07
0.07
0.07
0.07
0.07
0.07
0.07
0.07
0.07
0.07
0.07
0.07
-0.89
-0.89
-0.89
-0.89
-1.84
-1.84
-1.84
-1.84
-2.8
-2.8
-1.84
-1.84
-1.84
-1.84
-1.84
-1.84
-1.84
-1.84
-1.84
-0.89
-1.84
-1.84
-1.84
-1.84
-1.84
-1.84
-1.84
-2.8
-2.8
-2.8
-2.8
-2.8
-1.84
-1.84
-1.84
-1.84
-1.84
-2.8
-1.84
-1.84
-1.84
-1.84
-0.89
-1.84
-0.89
-0.89
-0.89
0.07
0.07
0.07
0.07
1.03
1.03
1.03
1.03
1.98
1.98
1.98
1.98
2.94
2.94
2.94
3.9
3.9
3.9
3.9
4.86
4.86
4.86
4.86
4.86
4.86
4.86
4.86
4.86
4.86
4.86
4.86
3.9
3.9
3.9
2.94
2.94
1.98
1.98
1.03
1.03
0.07
0.07
0.07
-0.89
-1.84
-1.84
-1.84
-1.84
-2.8
-2.8
-3.76
-3.76
-3.76
-3.76
-4.72
-3.76
-3.76
-3.76
-3.76
-2.8
-2.8
-2.8
-2.8
-1.84
-1.84
-1.84
-1.84
-1.84
-0.89
-0.89
-0.89
-0.89
-0.89
-0.89
0.07
0.07
0.07
1.03
0.07
1.03
1.98
1.98
2.94
2.94
2.94
2.94
2.94
2.94
2.94
1.98
1.98
1.98
1.03
0.07
0.07
-0.89
-0.89
-0.89
-1.84
-1.84
-1.84
-1.84
-2.8
-1.84
-1.84
-1.84
-1.84
-1.84
-0.89
-0.89
-0.89
-0.89
-0.89
0.07
0.07
0.07
0.07
0.07
0.07
0.07
0.07
0.07
0.07
0.07
0.07
0.07
0.07
-0.89
0.07
0.07
0.07
0.07
0.07
0.07
0.07
0.07
0.07
0.07
0.07
0.07
0.07
0.07
0.07
0.07
0.07
-0.89
-0.89
-0.89
-0.89
-0.89
-0.89
-1.84
-1.84
-1.84
-1.84
-1.84
-1.84
-1.84
-1.84
-1.84
-1.84
-1.84
-1.84
-1.84
-1.84
-0.89
-0.89
-0.89
0.07
0.07
0.07
1.03
1.03
1.03
1.98
1.98
1.98
1.03
1.03
1.03
1.03
1.03
1.03
1.03
0.07
0.07
0.07
0.07
0.07
0.07
-0.89
-0.89
-0.89
-0.89
-1.84
-0.89
-0.89
-0.89
-0.89
-0.89
-0.89
-0.89
-0.89
0.07
0.07
0.07
0.07
0.07
1.03
1.03
1.03
1.03
1.03
1.03
1.03
1.98
1.98
1.98
1.98
1.98
1.98
1.98
1.98
1.98
1.98
1.98
1.98
1.98
1.98
1.98
1.98
1.98
1.98
1.98
1.98
1.98
1.98
1.03
1.03
1.03
1.03
1.03
1.03
0.07
0.07
0.07
1.03
0.07
1.03
0.07
1.03
1.03
1.03
1.03
1.03
1.03
0.07
1.03
1.03
1.03
0.07
0.07
0.07
0.07
0.07
0.07
-0.89
-0.89
-0.89
-0.89
-0.89
-0.89
-0.89
-0.89
-0.89
-0.89
-0.89
-0.89
-0.89
-0.89
-0.89
-0.89
-0.89
-0.89
0.07
0.07
0.07
0.07
0.07
1.03
0.07
1.03
1.03
1.03
1.03
1.98
1.03
1.03
1.98
1.03
1.03
0.07
1.03
1.03
0.07
0.07
0.07
0.07
-0.89
-0.89
-1.84
-0.89
-1.84
-1.84
-1.84
-1.84
-1.84
-1.84
-1.84
-1.84
-1.84
-1.84
-0.89
-0.89
-0.89
-0.89
0.07
0.07
0.07
0.07
0.07
0.07
0.07
0.07
0.07
0.07
0.07
0.07
0.07
0.07
-0.89
-0.89
-0.89
-0.89
-0.89
-0.89
-1.84
-1.84
-1.84
-1.84
-1.84
-2.8
-2.8
-2.8
-2.8
-2.8
-1.84
-1.84
-1.84
-1.84
-1.84
-0.89
-0.89
-0.89
0.07
0.07
1.03
1.03
1.98
1.98
1.98
1.98
2.94
2.94
2.94
2.94
2.94
1.98
2.94
2.94
2.94
2.94
1.98
1.98
1.98
1.98
1.98
1.03
1.03
1.03
0.07
0.07
0.07
0.07
0.07
0.07
0.07
0.07
0.07
0.07
0.07
0.07
-0.89
0.07
0.07
0.07
0.07
0.07
-0.89
-0.89
-0.89
-1.84
-0.89
-0.89
-1.84
-1.84
-2.8
-1.84
-2.8
-1.84
-1.84
-2.8
-2.8
-2.8
-2.8
-2.8
-2.8
-2.8
-2.8
-2.8
-1.84
-1.84
-1.84
-1.84
-2.8
-0.89
-0.89
-0.89
-0.89
-0.89
-0.89
-0.89
0.07
0.07
0.07
1.03
1.03
1.03
1.98
1.98
1.98
2.94
2.94
1.98
3.9
3.9
3.9
3.9
3.9
2.94
3.9
3.9
3.9
3.9
3.9
3.9
3.9
3.9
2.94
2.94
2.94
2.94
1.98
1.98
1.98
1.03
1.03
1.03
0.07
0.07
0.07
0.07
0.07
-1.84
-0.89
-0.89
-0.89
-1.84
-1.84
-1.84
-1.84
-1.84
-1.84
-1.84
-2.8
-2.8
-2.8
-2.8
-2.8
-2.8
-2.8
-2.8
-2.8
-3.76
-2.8
-2.8
-2.8
-1.84
-1.84
-1.84
-1.84
-1.84
-0.89
-0.89
0.07
0.07
0.07
0.07
0.07
0.07
0.07
0.07
0.07
0.07
0.07
0.07
0.07
0.07
0.07
0.07
0.07
0.07
0.07
0.07
0.07
0.07
0.07
-0.89
0.07
0.07
0.07
0.07
0.07
1.03
1.03
1.03
1.03
1.03
1.98
1.98
1.98
2.94
2.94
2.94
2.94
3.9
2.94
2.94
2.94
2.94
2.94
2.94
1.98
1.98
1.98
1.98
1.03
1.98
1.03
1.03
1.03
0.07
0.07
0.07
-0.89
-0.89
-0.89
-0.89
-0.89
-0.89
-0.89
-1.84
-0.89
0.07
0.07
0.07
0.07
0.07
0.07
0.07
0.07
0.07
0.07
0.07
0.07
0.07
0.07
0.07
0.07
0.07
-1.84
-0.89
-0.89
-0.89
-0.89
-1.84
-1.84
-1.84
-1.84
-1.84
-1.84
-1.84
-1.84
-2.8
-2.8
-2.8
-1.84
-1.84
-1.84
-0.89
-0.89
-0.89
-0.89
0.07
0.07
0.07
1.03
1.03
1.03
1.03
1.03
1.03
1.98
1.98
1.98
1.98
1.03
1.98
1.98
1.98
1.98
1.98
1.98
1.98
1.03
1.03
0.07
0.07
0.07
0.07
-0.89
-0.89
-0.89
-0.89
-1.84
-1.84
-1.84
-2.8
-2.8
-2.8
-2.8
-2.8
-2.8
-2.8
-1.84
-1.84
-1.84
-1.84
-0.89
-1.84
-1.84
-0.89
-0.89
-0.89
-0.89
-0.89
0.07
0.07
0.07
0.07
0.07
0.07
0.07
1.03
1.98
1.98
1.98
1.98
1.98
1.98
1.98
1.98
1.98
1.98
1.98
1.98
1.98
1.98
1.98
1.03
1.03
1.03
1.03
1.03
1.03
1.98
1.98
1.98
1.98
1.03
1.03
1.03
1.03
1.03
1.03
1.03
0.07
0.07
0.07
0.07
0.07
-0.89
-0.89
-1.84
-0.89
-0.89
-0.89
-0.89
0.07
0.07
0.07
0.07
1.03
1.03
1.03
1.03
1.03
1.03
1.03
1.03
1.03
0.07
0.07
0.07
0.07
0.07
0.07
-0.89
0.07
-0.89
0.07
0.07
0.07
0.07
0.07
0.07
0.07
1.03
1.03
0.07
0.07
0.07
0.07
-0.89
-0.89
-0.89
-0.89
-1.84
-1.84
-1.84
-1.84
-1.84
-1.84
-1.84
-2.8
-1.84
-1.84
-1.84
-1.84
-1.84
-1.84
-0.89
-0.89
-0.89
0.07
0.07
0.07
0.07
0.07
1.03
1.03
1.03
1.98
1.98
1.98
1.98
1.98
1.98
1.98
1.98
1.03
1.98
1.98
1.98
1.03
1.98
1.98
1.98
1.03
1.03
1.03
1.03
1.03
1.03
0.07
0.07
0.07
0.07
-0.89
-0.89
-0.89
-1.84
-1.84
-2.8
-1.84
-2.8
-2.8
-1.84
-1.84
-1.84
-1.84
-1.84
-1.84
-1.84
-0.89
-0.89
-0.89
-0.89
0.07
0.07
1.03
1.03
1.98
1.98
1.98
1.98
2.94
1.98
1.98
2.94
2.94
2.94
2.94
1.98
1.98
1.98
1.98
1.98
1.03
1.03
1.03
0.07
0.07
1.03
1.03
0.07
0.07
0.07
0.07
0.07
0.07
0.07
0.07
0.07
0.07
0.07
0.07
0.07
0.07
0.07
0.07
0.07
0.07
0.07
-0.89
-0.89
-0.89
-0.89
-0.89
-0.89
-1.84
-1.84
-1.84
-2.8
-1.84
-1.84
-2.8
-2.8
-2.8
-2.8
-2.8
-2.8
-2.8
-3.76
-2.8
-2.8
-2.8
-2.8
-2.8
-2.8
-2.8
-1.84
-1.84
-1.84
-1.84
-0.89
-0.89
-0.89
0.07
-0.89
0.07
0.07
1.03
1.03
1.03
0.07
1.03
1.98
1.98
1.98
1.98
1.98
1.03
1.98
1.98
1.98
1.98
1.03
1.03
1.03
1.03
1.03
0.07
0.07
0.07
0.07
-0.89
-0.89
-0.89
-0.89
-0.89
-1.84
-1.84
-1.84
-1.84
-0.89
-0.89
-0.89
0.07
0.07
1.03
1.98
1.98
1.98
2.94
2.94
2.94
2.94
2.94
2.94
1.98
1.98
1.98
1.98
1.98
1.98
1.03
1.03
1.03
1.03
0.07
0.07
0.07
-0.89
-0.89
-0.89
-0.89
-0.89
-0.89
-0.89
0.07
0.07
0.07
1.03
1.03
1.03
1.03
1.98
1.98
1.98
1.98
1.98
1.98
1.98
1.98
1.98
1.98
1.98
1.98
1.98
1.98
1.03
1.03
1.03
1.03
1.03
0.07
0.07
0.07
0.07
-0.89
-0.89
-0.89
-0.89
-1.84
-1.84
-1.84
-1.84
-2.8
-1.84
-1.84
-1.84
-2.8
-2.8
-2.8
-2.8
-2.8
-2.8
-2.8
-2.8
-2.8
-1.84
-2.8
-1.84
-1.84
-1.84
-1.84
-1.84
-1.84
-1.84
-1.84
-1.84
-1.84
-1.84
-1.84
-0.89
-0.89
-0.89
-0.89
-0.89
0.07
-0.89
0.07
-1.84
0.07
-0.89
-0.89
-0.89
0.07
0.07
0.07
0.07
0.07
0.07
0.07
0.07
1.03
1.03
1.03
1.03
1.98
1.98
1.98
1.98
1.98
1.98
1.98
2.94
2.94
2.94
2.94
2.94
2.94
2.94
2.94
2.94
2.94
1.98
1.98
1.98
1.98
1.98
1.98
1.03
1.03
1.03
0.07
0.07
0.07
0.07
0.07
0.07
0.07
0.07
0.07
0.07
0.07
0.07
0.07
0.07
0.07
0.07
1.03
1.03
1.03
1.03
1.98
1.03
1.03
1.98
1.98
1.03
1.03
1.03
1.03
0.07
0.07
0.07
0.07
-0.89
0.07
0.07
-0.89
0.07
-0.89
0.07
0.07
0.07
-0.89
0.07
0.07
-0.89
-0.89
-0.89
-0.89
-0.89
-1.84
-1.84
-1.84
-1.84
-1.84
-1.84
-1.84
-1.84
-1.84
-1.84
-2.8
-1.84
-1.84
-2.8
-1.84
-1.84
-0.89
-0.89
-0.89
0.07
0.07
0.07
0.07
1.03
1.03
1.03
1.03
1.03
1.03
0.07
1.03
0.07
0.07
0.07
-0.89
-0.89
-0.89
-0.89
-1.84
-1.84
-1.84
-1.84
-1.84
-1.84
-1.84
-1.84
-1.84
-1.84
-1.84
-1.84
-1.84
-1.84
-1.84
-0.89
-0.89
-0.89
-0.89
-0.89
-0.89
-0.89
0.07
0.07
0.07
0.07
0.07
0.07
1.03
1.03
1.03
1.03
1.98
1.98
1.98
1.98
1.98
2.94
2.94
2.94
2.94
2.94
2.94
2.94
2.94
2.94
2.94
2.94
1.98
1.98
1.98
1.98
1.03
1.03
1.03
0.07
0.07
-0.89
-0.89
-0.89
-0.89
-0.89
-1.84
-1.84
-1.84
-0.89
-0.89
-0.89
-0.89
-0.89
-0.89
-0.89
0.07
-0.89
0.07
0.07
0.07
0.07
0.07
0.07
1.03
0.07
0.07
0.07
0.07
0.07
0.07
-0.89
-0.89
-0.89
-0.89
-0.89
-1.84
-0.89
-0.89
-0.89
-0.89
-0.89
-0.89
0.07
0.07
0.07
0.07
1.03
1.03
1.03
0.07
1.03
1.03
1.03
1.03
1.03
1.03
0.07
1.03
1.03
0.07
0.07
0.07
0.07
0.07
0.07
0.07
0.07
0.07
0.07
0.07
1.03
0.07
0.07
1.03
1.03
1.03
1.98
1.98
1.98
1.98
1.98
1.98
1.98
1.98
1.98
1.98
2.94
1.98
2.94
1.98
1.98
1.98
1.98
1.98
1.98
1.98
1.98
1.98
1.98
1.98
1.98
1.03
1.98
1.98
1.03
1.03
1.03
1.03
0.07
0.07
0.07
0.07
-0.89
-0.89
-0.89
-0.89
-0.89
-0.89
-0.89
-0.89
-0.89
-0.89
-0.89
-0.89
-0.89
-0.89
-0.89
0.07
0.07
-0.89
0.07
0.07
0.07
0.07
0.07
-0.89
-0.89
-0.89
-0.89
-0.89
-1.84
-1.84
-2.8
-2.8
-2.8
-3.76
-3.76
-2.8
-3.76
-3.76
-3.76
-3.76
-3.76
-3.76
-3.76
-3.76
-3.76
-2.8
-2.8
-1.84
-1.84
-0.89
-0.89
-1.84
0.07
0.07
-0.89
0.07
1.03
1.03
1.03
0.07
1.03
1.03
1.03
1.03
1.03
1.03
1.03
0.07
0.07
0.07
0.07
0.07
0.07
0.07
0.07
0.07
-0.89
-0.89
-1.84
-0.89
-0.89
-0.89
0.07
-0.89
0.07
0.07
0.07
0.07
0.07
0.07
1.03
0.07
1.03
1.03
1.03
1.03
1.03
1.03
1.03
1.03
1.03
1.03
1.03
1.03
1.03
1.03
1.03
1.98
1.98
1.98
1.98
1.03
1.03
1.03
1.03
0.07
1.03
1.03
1.03
0.07
0.07
0.07
0.07
0.07
0.07
0.07
0.07
0.07
0.07
0.07
-0.89
0.07
-0.89
-0.89
-0.89
-0.89
-0.89
-0.89
0.07
0.07
0.07
0.07
0.07
1.03
1.03
1.03
1.03
1.98
1.98
1.98
1.98
1.98
1.98
1.98
1.98
1.98
1.98
1.98
1.98
1.98
1.98
1.98
1.98
1.03
1.03
1.03
0.07
1.03
0.07
0.07
0.07
0.07
0.07
0.07
0.07
-0.89
-0.89
-0.89
-0.89
-1.84
-0.89
-0.89
-0.89
-1.84
-1.84
-1.84
-1.84
-1.84
-1.84
-1.84
-1.84
-1.84
-1.84
-1.84
-1.84
-0.89
-0.89
-0.89
-0.89
-0.89
-1.84
0.07
0.07
0.07
0.07
0.07
0.07
1.03
1.03
1.03
1.03
1.03
1.03
1.03
1.03
1.03
1.03
1.03
1.03
1.03
1.03
1.03
1.03
1.03
1.03
0.07
0.07
0.07
0.07
-0.89
-0.89
-0.89
-1.84
-1.84
-1.84
-1.84
-1.84
-1.84
-2.8
-1.84
-1.84
-1.84
-1.84
-1.84
-0.89
-0.89
-0.89
-0.89
0.07
0.07
0.07
0.07
0.07
0.07
0.07
1.03
1.03
0.07
1.03
1.03
0.07
1.03
1.03
1.03
0.07
1.03
1.03
1.03
0.07
0.07
0.07
0.07
0.07
-0.89
-0.89
-0.89
-0.89
-0.89
-0.89
0.07
0.07
0.07
0.07
0.07
0.07
0.07
1.03
1.03
1.03
1.03
1.03
1.03
1.03
0.07
1.03
1.03
1.03
1.03
1.03
1.03
1.03
1.98
1.03
1.03
1.98
1.03
1.03
1.03
1.03
1.03
1.03
1.03
1.03
1.03
1.03
1.03
0.07
0.07
0.07
0.07
0.07
0.07
0.07
0.07
0.07
0.07
0.07
0.07
0.07
0.07
1.03
0.07
1.03
1.03
1.03
1.03
1.03
1.03
0.07
1.03
0.07
0.07
0.07
0.07
0.07
0.07
0.07
0.07
0.07
0.07
0.07
0.07
0.07
-0.89
-0.89
-0.89
-0.89
-1.84
-0.89
-1.84
-1.84
-1.84
-1.84
-1.84
-1.84
-1.84
-1.84
-1.84
-1.84
-1.84
-1.84
-1.84
-1.84
-0.89
-0.89
-0.89
-0.89
-0.89
0.07
0.07
0.07
0.07
1.03
0.07
1.03
1.03
1.03
1.03
1.03
1.98
1.98
1.98
1.98
1.98
1.03
1.03
1.03
1.03
1.03
1.03
0.07
0.07
0.07
0.07
0.07
0.07
0.07
0.07
-0.89
-0.89
-0.89
-0.89
-0.89
-0.89
-1.84
-0.89
-0.89
-0.89
-0.89
-0.89
-0.89
-0.89
-0.89
0.07
0.07
-0.89
0.07
0.07
0.07
0.07
0.07
0.07
0.07
0.07
0.07
0.07
0.07
0.07
0.07
0.07
0.07
0.07
0.07
0.07
-0.89
-0.89
-0.89
-0.89
-0.89
-0.89
-0.89
-0.89
-0.89
-0.89
-0.89
0.07
0.07
0.07
0.07
0.07
0.07
0.07
0.07
0.07
0.07
1.03
0.07
1.03
0.07
1.03
1.03
0.07
0.07
0.07
0.07
0.07
0.07
-0.89
0.07
0.07
0.07
0.07
0.07
0.07
0.07
0.07
1.03
0.07
1.03
1.03
1.03
1.03
1.03
0.07
1.03
1.03
1.03
1.03
1.03
1.03
1.03
1.03
0.07
1.03
1.03
1.03
1.03
1.03
1.03
0.07
1.98
1.98
1.98
1.98
1.98
1.98
1.98
1.98
1.03
1.98
1.03
1.03
0.07
0.07
-0.89
-0.89
-0.89
-0.89
-1.84
-1.84
-1.84
-1.84
-1.84
-1.84
-2.8
-1.84
-1.84
-1.84
-1.84
-1.84
-1.84
-1.84
-1.84
-1.84
-1.84
-1.84
-0.89
-1.84
-0.89
-0.89
-0.89
-0.89
0.07
0.07
0.07
1.03
1.03
1.03
1.03
1.03
1.98
1.98
1.98
1.98
1.98
1.98
1.03
1.03
1.03
1.03
1.03
1.03
1.03
1.03
0.07
0.07
0.07
0.07
0.07
0.07
0.07
0.07
0.07
0.07
0.07
0.07
0.07
0.07
0.07
0.07
0.07
0.07
0.07
0.07
-0.89
-0.89
-0.89
-0.89
-0.89
-0.89
-0.89
-0.89
-0.89
-0.89
-0.89
-0.89
-0.89
-0.89
-0.89
-0.89
-0.89
-0.89
-0.89
-0.89
-0.89
-0.89
-0.89
-0.89
-0.89
-0.89
-0.89
0.07
-0.89
0.07
0.07
0.07
0.07
0.07
1.03
1.03
1.03
1.03
1.03
1.98
1.98
1.98
1.98
1.98
1.98
1.98
1.98
1.98
1.98
1.98
1.98
1.98
1.98
1.98
1.98
1.98
1.98
1.98
1.98
1.98
1.03
1.03
1.03
1.03
1.03
1.03
0.07
1.03
1.03
0.07
0.07
0.07
0.07
0.07
0.07
0.07
0.07
-0.89
-0.89
-0.89
-1.84
-1.84
-2.8
-2.8
-2.8
-2.8
-2.8
-2.8
-2.8
-2.8
-2.8
-2.8
-2.8
-2.8
-2.8
-1.84
-1.84
-1.84
-1.84
-0.89
-0.89
-0.89
-0.89
-0.89
-0.89
-0.89
-1.84
-0.89
-0.89
-0.89
-0.89
-0.89
-0.89
-0.89
-0.89
-0.89
-0.89
-0.89
-1.84
0.07
0.07
-0.89
0.07
0.07
1.03
1.03
1.03
1.98
1.98
1.98
1.98
2.94
2.94
2.94
2.94
2.94
2.94
2.94
2.94
2.94
2.94
2.94
2.94
2.94
1.98
1.98
1.98
1.98
1.03
1.03
1.03
1.03
1.03
1.03
1.03
0.07
0.07
1.03
0.07
0.07
0.07
0.07
0.07
0.07
-0.89
-0.89
-0.89
-0.89
-0.89
-1.84
-0.89
-0.89
-0.89
-0.89
-0.89
-0.89
-0.89
-0.89
-1.84
-0.89
-0.89
-0.89
0.07
0.07
0.07
-0.89
0.07
0.07
0.07
0.07
0.07
0.07
1.03
1.03
1.03
1.03
1.03
1.03
1.03
1.03
1.03
0.07
1.03
1.03
1.03
1.03
0.07
0.07
0.07
1.03
1.03
0.07
0.07
0.07
0.07
0.07
-0.89
-0.89
-0.89
-0.89
-1.84
-1.84
-1.84
-1.84
-1.84
-3.76
-2.8
-2.8
-3.76
-2.8
-3.76
-2.8
-2.8
-2.8
-2.8
-3.76
-1.84
-1.84
-1.84
-2.8
-1.84
-1.84
-0.89
-0.89
-0.89
0.07
0.07
0.07
0.07
1.03
1.03
1.03
1.03
1.03
1.98
1.98
1.98
1.98
1.98
1.98
1.98
1.98
1.98
1.98
1.98
1.98
1.03
1.03
1.03
1.98
1.98
1.03
1.98
1.98
1.98
1.03
1.98
1.98
1.98
1.98
1.98
1.98
1.98
1.98
1.98
1.98
1.98
1.98
1.98
1.03
1.03
1.03
0.07
0.07
-0.89
-0.89
-0.89
-0.89
-0.89
-0.89
-0.89
-0.89
-0.89
-1.84
-0.89
-0.89
-0.89
-0.89
-0.89
-0.89
-0.89
-0.89
-0.89
-0.89
-0.89
-1.84
-0.89
-0.89
0.07
0.07
0.07
0.07
0.07
0.07
1.03
0.07
0.07
1.03
1.03
1.03
0.07
1.03
1.03
1.03
1.03
1.03
1.03
1.03
1.03
0.07
0.07
1.03
1.03
1.03
1.03
1.03
1.03
1.03
1.03
1.03
1.03
1.03
1.03
1.03
1.03
0.07
0.07
0.07
0.07
0.07
0.07
0.07
0.07
0.07
0.07
0.07
0.07
0.07
0.07
-0.89
-0.89
-0.89
-0.89
-1.84
-0.89
-0.89
-1.84
-1.84
-1.84
-1.84
-1.84
-1.84
-1.84
-0.89
-1.84
-0.89
-0.89
-0.89
0.07
0.07
0.07
0.07
1.03
1.03
1.98
1.98
1.98
1.98
1.03
1.98
1.98
1.98
1.03
1.03
1.03
1.03
0.07
0.07
0.07
0.07
0.07
0.07
0.07
0.07
0.07
-0.89
-0.89
-1.84
-0.89
-0.89
-0.89
-0.89
-0.89
-0.89
-0.89
-0.89
-0.89
-0.89
-0.89
-0.89
-0.89
-0.89
-0.89
0.07
0.07
0.07
0.07
0.07
-0.89
0.07
-0.89
0.07
0.07
0.07
-1.84
-0.89
-0.89
-0.89
-0.89
-1.84
-1.84
-1.84
-1.84
-1.84
-2.8
-1.84
-1.84
-1.84
-1.84
-1.84
-1.84
-1.84
-1.84
-0.89
-0.89
-0.89
-0.89
0.07
0.07
0.07
0.07
0.07
0.07
0.07
0.07
0.07
0.07
0.07
0.07
1.03
1.03
1.03
1.03
1.03
1.03
1.03
1.03
1.03
1.03
1.03
1.03
1.03
1.03
1.03
1.03
1.03
