50
0.00134831968420351
0.00167878344831768
0.00142009175055120
0.00170100985900066
0.00147638573353171
0.00170110428398107
0.00151688078678552
0.00168565471918112
0.00154280402054951
0.00166227404625485
0.00155646066360081
0.00163812066595260
0.00156060694659878
0.00161852928135967
0.00155776293784997
0.00160603862373372
0.00154960150065738
0.00160003834898314
0.00153656278856086
0.00159713195423663
0.00151781412475517
0.00159214808621354
0.00149160057015996
0.00157956875913915
0.00145592912522961
0.00155502843733644
0.00140943100796668
0.00151651362999293
0.00135218581525955
0.00146497397717571
0.00128629099412271
0.00140422235888128
0.00121602149705886
0.00134020111372765
0.00114752817738996
0.00127985828375996
0.00108813680128647
0.00122995797260699
0.00104539941519746
0.00119612127660757
0.00102609380839141
0.00118227762667337
0.00103535892233556
0.00119054994065548
0.00107610366548220
0.00122145909290738
0.00114875274294277
0.00127425864450701
0.00125131727153523
0.00134721608083186
0.00137971809972929
0.00143772839334436
0.00152825710171918
0.00154226339343474
0.00169012980584258
0.00165621339589565
0.00185789792562200
0.00177380252408506
0.00202388309917098
0.00188818723625025
0.00218048969095078
0.00199183532707255
0.00232049981922092
0.00207718142945771
0.00243739532784475
0.00213746602608207
0.00252574350449609
0.00216759938062921
0.00258164021872502
0.00216487175272055
0.00260315038655300
0.00212936149718793
0.00259064249986444
0.00206396147730407
0.00254690201246995
0.00197402858427061
0.00247693901187018
0.00186673577155352
0.00238747452648294
0.00175025259488525
0.00228617642178725
0.00163289272518625
0.00218078980672342
0.00152235075771880
0.00207834003859168
0.00142511757777357
0.00198456490520197
0.00134612485408227
0.00190366330003482
0.00128863144902194
0.00183835570996933
0.00125432917437747
0.00179016931978848
0.00124361207952424
0.00175981319090878
0.00125592440782099
0.00174750633695579
0.00129008426579521
0.00175315601916385
0.00134448300967340
0.00177633775941435
0.00141709282621103
0.00181608549322617
0.00150527739152861
0.00187055069836402
0.00160548069286358
0.00193663155909880
0.00171294289172356
0.00200970691515390
0.00182163005415381
0.00208362875129213
0.00192454350218819
0.00215111745274485
0.00201448920975796
0.00220465052539443
0.00208525683615004
0.00223783226877344
0.00213302062311543
0.00224709267653902
0.00215767589090913
0.00223342247259747
0.00216379857068831
0.00220375142673442
0.00216096775414411
0.00217155589794834
0.00216330019504935
0.00215635506026211
0.00218817198639571
0.00218191508581564
0.00225421221029906
0.00227320127876534
0.00237873588898924
0.00245236895520414
0.00257485571714165
0.00273433427734219
0.00284860062123193
0.00312268110284900
0.00319648202364112
0.00360678903754672
0.00360405157239773
0.00416104434053697
0.00404601217793017
0.00474675434490600
0.00448829475940459
0.00531690396190704
0.00489215744426321
0.00582322801969490
0.00521985084682864
0.00622438116630892
0.00544086514751559
0.00649348886940681
0.00553742576416117
0.00662326898124178
0.00550790102495376
0.00662733114870155
0.00536718824343682
0.00653713222842150
0.00514386904441122
0.00639516349357795
0.00487476041931574
0.00624594491670026
0.00459817294715571
0.00612699239566444
0.00434750384273157
0.00606191860974072
0.00414664269373121
0.00605722760961140
0.00400810504036088
0.00610335008481482
0.00393401263389337
0.00617934047270863
0.00391925137419974
0.00625973845225696
0.00395558667523152
0.00632163092988329
0.00403535013223187
0.00635004224500990
0.00415356278716232
0.00634037614381697
0.00430794041395871
0.00629754297768819
0.00449695409274494
0.00623236104384339
0.00471677344596450
0.00615655131890832
0.00495830148670839
0.00607795261503056
0.00520550164731858
0.00599740015309756
0.00543582069727537
0.00590811226362150
0.00562284964416118
0.00579761706424820
0.00574064881264707
0.00565148243046260
0.00576862384537582
0.00545762354831903
0.00569565004345832
0.00520988798502086
0.00552235903155430
0.00490995115567620
0.00526104204419569
0.00456715332416514
0.00493329926705143
0.00419655293263460
0.00456615066755009
0.00381594589564317
0.00418764489784752
0.00344277487657636
0.00382299140898872
0.00309171637187609
0.00349194897845568
0.00277338542250642
0.00320776620508165
0.00249419150994282
0.00297753959226609
0.00225705586498292
0.00280354655321808
0.00206253975888849
0.00268497136062056
0.00190994067646227
0.00261946112050596
0.00179804001331659
0.00260408670360461
0.00172536508480572
0.00263549766508874
0.00169000330822765
0.00270931274793095
0.00168914226431527
0.00281903685549259
0.00171858729500048
0.00295498583502097
0.00177251749625424
0.00310376801346273
0.00184367654040981
0.00324876857359204
0.00192406476727739
0.00337181062855979
0.00200603275189435
0.00345579303860307
0.00208352406795995
0.00348775107461057
0.00215313218113691
0.00346158284200618
0.00221466136897946
0.00337971566590014
0.00227101369527233
0.00325324866953604
0.00232741932185101
0.00310050755653176
0.00239021429992340
0.00294434259283983
0.00246547995456441
0.00280876123565222
0.00255785595636316
0.00271554979078920
0.00266973841128907
0.00268142678514079
0.00280092834372625
0.00271606974101079
0.00294867164505480
0.00282116334224712
0.00310797665177968
0.00299048830362680
0.00327211683357768
0.00321100282358402
0.00343328874225286
0.00346481229888493
0.00358344300775830
0.00373182395249385
0.00371529193009496
0.00399272703170320
0.00382341068736319
0.00423177223617405
0.00390522587105299
0.00443873619297526
0.00396159314823527
0.00460953729443441
0.00399667488501895
0.00474525400960631
0.00401697334004737
0.00484973568779725
0.00402963116322428
0.00492645723448649
0.00404039503454150
0.00497558356477874
0.00405183594799597
0.00499223744578751
0.00406243196532582
0.00496665714462338
0.00406690889687522
0.00488636257738987
0.00405785026357534
0.00473979972875262
0.00402815517195306
0.00452042516574203
0.00397359888815806
0.00423000702979904
0.00389466473166824
0.00388012591161900
0.00379701425024486
0.00349138883888575
0.00369038766721910
0.00309054022239557
0.00358623429530509
0.00270624140517093
0.00349478575377315
0.00236461385702900
0.00342245954663847
0.00208562192301822
0.00337036006666322
0.00188105093815272
0.00333427828239865
0.00175434645725264
0.00330611511727179
0.00170208265180417
0.00327623316028283
0.00171645804931491
0.00323601156605805
0.00178804765878873
0.00317989596872312
0.00190807776113538
0.00310646375730168
0.00206969058557988
0.00301836256808013
0.00226796673108361
0.00292130370314698
0.00249880808968877
0.00282250773344257
0.00275709295686822
0.00272906838705902
0.00303474058787113
0.00264664050118719
0.00331940942247358
0.00257871894910270
0.00359445835436293
0.00252661207732051
0.00384051343644667
0.00249006213010167
0.00403854711865651
0.00246834192570129
0.00417389738321504
0.00246156506330822
0.00424027293618484
0.00247188992518147
0.00424264407584975
0.00250428631874497
0.00419808251663498
0.00256658232861510
0.00413406538266178
0.00266862680493892
0.00408437903693458
0.00282058331965002
0.00408336870329452
0.00303058682193144
0.00415970455408173
0.00330219764039633
0.00433096060149110
0.00363222118532952
0.00460010948825939
0.00400947214893318
0.00495459365225509
0.00441491880533908
0.00536806807041398
0.00482335705278760
0.00580436342207630
0.00520639619184054
0.00622281137580495
0.00553619151199152
0.00658388286427105
0.00578914645931699
0.00685414016224188
0.00594881141631010
0.00700976518073207
0.00600743786235947
0.00703832255793467
0.00596603200821775
0.00693883704649882
0.00583315552057290
0.00672059495857100
0.00562299988262732
0.00640123319707708
0.00535332598607449
0.00600463132908266
0.00504371359580298
0.00555891869939579
0.00471429437108083
0.00509465074220087
0.00438487632738579
0.00464301093840952
0.00407421633804814
0.00423383825658751
0.00379920445644578
0.00389338042698529
0.00357385873813482
0.00364188000430829
0.00340821298156848
0.00349132060219069
0.00330732853368419
0.00344380070737791
0.00327072123570553
0.00349100048526292
0.00329245386599308
0.00361505149915581
0.00336202333959764
0.00379084751671902
0.00346600473937365
0.00398951780698605
0.00359023680674800
0.00418250727365237
0.00372218099924036
0.00434554724350295
0.00385299543824396
0.00446180579623175
0.00397887144312919
0.00452368308342020
0.00410130516596014
0.00453302190163157
0.00422621015656024
0.00449985318786564
0.00436206776655428
0.00444009039607581
0.00451757776880915
0.00437274370989730
0.00469942199606531
0.00431720988019217
0.00491072849874829
0.00429103130996136
0.00515061783520503
0.00430828319040764
0.00541488413366050
0.00437853341787853
0.00569751397354039
0.00450620282831161
0.00599248933584884
0.00469016456622357
0.00629524371611457
0.00492353988846214
0.00660327490456978
0.00519381073198332
0.00691572928899727
0.00548349727931886
0.00723216667195900
0.00577167229174507
0.00755106170717519
0.00603646678015224
0.00786876936911900
0.00625847316369328
0.00817959221960351
0.00642462950267095
0.00847723221321258
0.00653186559642360
0.00875738222172522
0.00658961618506282
0.00902068504284212
0.00662034645624186
0.00927495928449186
0.00665752581020653
0.00953561253428889
0.00674098781487876
0.00982356886520672
0.00691021528222899
0.0101607277395341
0.00719663460843456
0.0105637364650940
0.00761634434689291
0.0110374611187640
0.00816474515148334
0.0115698003360047
0.00881426870030340
0.0121293329582375
0.00951588572526899
0.0126667701634511
0.0102044185728886
0.0131204204218905
0.0108070128273125
0.0134250285548727
0.0112535418072910
0.0135225768023705
0.0114873128824495
0.0133730860177603
0.0114742851331762
0.0129632634769119
0.0112091466934084
0.0123111050496739
0.0107170571449242
0.0114652845355143
0.0100505969546232
0.0104992397079427
0.00928236807172317
0.00950105804727674
0.00849457853159745
0.00856127401416943
0.00776761760042197
0.00776124231977329
0.00716991984029468
0.00716469602349833
0.00675124123772414
0.00681444260102663
0.00654084060972447
0.00673503954695886
0.00655107016271955
0.00694093923367738
0.00678568131098025
0.00744822803419290
0.00725093474121479
0.00828692589774252
0.00796659369046618
0.00951008715795858
0.00897334036057299
0.0111959043924312
0.0103333586616241
0.0134399090948417
0.0121219682243174
0.0163363116104255
0.0144102699963283
0.0199503777618003
0.0172414490790030
0.0242869512142272
0.0206060017380336
0.0292628659454413
0.0244228082522265
0.0346919589690694
0.0285328161708910
0.0402898431489349
0.0327097144433199
0.0457013869913049
0.0366876892157152
0.0505478107926111
0.0402012824905824
0.0544841869447199
0.0430281803698329
0.0572540554188041
0.0450240487065666
0.0587275464333922
0.0461402082933069
0.0589133667343177
0.0464197174900480
0.0579422237558797
0.0459738303502657
0.0560274115077785
0.0449466486336399
0.0534145937640139
0.0434790483968914
0.0503351597124477
0.0416825456308041
0.0469752396531831
0.0396299524105517
0.0434666003323224
0.0373639643199921
0.0398984475721357
0.0349192733079405
0.0363431508649294
0.0323501987392081
0.0328858364055607
0.0297550249444414
0.0296481291990061
0.0272899622426361
0.0267992574278127
0.0251688387533146
0.0245517634389749
0.0236480047138966
0.0231427565555295
0.0229985842936304
0.0228041855889510
0.0234698935911168
0.0237269697469712
0.0252488551858391
0.0260244596634154
0.0284210231830343
0.0297010478541044
0.0329395391064807
0.0346318396862871
0.0386086114561302
0.0405586884746702
0.0450872380820239
0.0471059986311711
0.0519162634177858
0.0538162893158383
0.0585675026550789
0.0602011402348464
0.0645084919183162
0.0657991231507762
0.0692720608105898
0.0702302295697646
0.0725180574683876
0.0732371934464403
0.0740761304046798
0.0747078766867048
0.0739631354221791
0.0746781621429404
0.0723748767905908
0.0733194897321334
0.0696572969735177
0.0709174440359081
0.0662650836619931
0.0678469981878541
0.0627153810807688
0.0645469921660140
0.0595417416252294
0.0614930873111587
0.0572504386681505
0.0591667474660880
0.0562795356086947
0.0580187029624565
0.0569614382866227
0.0584283119548398
0.0594914572492154
0.0606635316468987
0.0639066173290756
0.0648479445036734
0.0700790008273038
0.0709404344988969
0.0777256798192834
0.0787301258972556
0.0864335644985896
0.0878457385136136
0.0956940794647161
0.0977764678903909
0.104941305527255
0.107901839466660
0.113588827457702
0.117530113378093
0.121064103912428
0.125946819648323
0.126842561555103
0.132474754774997
0.130484562574031
0.136543279314770
0.131675908980659
0.137758994360249
0.130267617078877
0.135964534169511
0.126305930140774
0.131270423992330
0.120041838521526
0.124048612967108
0.111912349644729
0.114884904490796
0.102492741266010
0.104498204466902
0.0924273488758534
0.0936433000988622
0.0823526580442655
0.0830174831488038
0.0728281146102445
0.0731886359598141
0.0642867408703462
0.0645548648191000
0.0570110998087635
0.0573365840881460
0.0511332542990828
0.0515945002886631
0.0466526739603824
0.0472633296530917
0.0434646678666723
0.0441914850066202
0.0413933019411041
0.0421799465857247
0.0402252542318337
0.0410170084248555
0.0397429757732076
0.0405079253141083
0.0397559668670523
0.0404991033697032
0.0401281357403628
0.0408958601275602
0.0407980152333764
0.0416719388362357
0.0417881097245738
0.0428687871571121
0.0432004025981617
0.0445834545634211
0.0451969919001843
0.0469456138374142
0.0479673964827711
0.0500861737318194
0.0516866607929730
0.0541017698476400
0.0564705459751711
0.0590208369227453
0.0623355850552312
0.0647778041136535
0.0691723476212495
0.0712019209176489
0.0767394590859761
0.0780258258464092
0.0846831940959800
0.0849157531354176
0.0925825512752399
0.0915202702885544
0.100013183598369
0.0975286064478061
0.106617076824430
0.102724869397948
0.112160902508973
0.107023031763246
0.116566835655460
0.110471104391609
0.119906256568574
0.113221312540625
0.122357830642726
0.115474097018536
0.124143445877620
0.117413499257823
0.125463803315517
0.119155898286351
0.126456360201653
0.120730710701393
0.127190708667848
0.122101034628844
0.127702640496494
0.123217855552890
0.128053129243717
0.124088664209240
0.128388038794681
0.124835125704473
0.128972690100229
0.125717278398124
0.130183256488749
0.127112580275494
0.132451403687544
0.129452819748575
0.136174303094475
0.133135016970832
0.141613559481699
0.138429479527039
0.148810082041802
0.145407373623925
0.157537020186686
0.153902928479200
0.167302099353569
0.163515322618108
0.177398190148699
0.173646405819448
0.186990716193635
0.183565274904875
0.195224897296415
0.192489591845201
0.201334997640064
0.199674644217550
0.204740185428954
0.204502057197243
0.205115276252794
0.206559244298870
0.202428149755539
0.205698512323976
0.196938858313343
0.202063355393363
0.189159215676872
0.196071542741030
0.179776846498183
0.188351612738282
0.169554236474909
0.179640421323742
0.159219780742580
0.170661096892523
0.149371706185948
0.162008566215192
0.140414677325340
0.154069989064359
0.132541946018131
0.146998860540310
0.125764366873025
0.140746483753815
0.119974838200504
0.135137929925680
0.115027028991882
0.129967221793518
0.110804146327947
0.125082566305479
0.107258275111710
0.120438163992652
0.104411898275192
0.116102055878287
0.102326635897442
0.112224734825692
0.101055203652149
0.108985372006088
0.100597243262206
0.106537526572457
0.100876639828937
0.104973066233086
0.101748787456786
0.104313786462548
0.103034824782425
0.104529013624153
0.104570614996836
0.105568739109326
0.106254483849091
0.107398488264777
0.108080273069510
0.110024565692657
0.110149266292777
0.113504471414548
0.112662447499664
0.117943767780175
0.115899780954866
0.123484434501823
0.120193785193876
0.130289442009275
0.125901100513909
0.138524837756787
0.133370671847194
0.148336752933649
0.142904089757221
0.159819439341215
0.154705148841588
0.172973525293146
0.168822052930547
0.187660534181321
0.185094386623383
0.203567270232427
0.203123487321382
0.220197557756811
0.222284645183370
0.236905365419084
0.241790337689500
0.252971739171674
0.260797124454352
0.267711375656849
0.278530620735653
0.280579619087352
0.294391096283937
0.291244553159911
0.308003521552818
0.299596462729509
0.319192430479037
0.305687538190032
0.327889293339575
0.309621410239835
0.334008048482057
0.311434186229367
0.337341110305060
0.311016022493298
0.337525142255758
0.308110250521896
0.334102482977580
0.302399106558341
0.326668393610196
0.293651763144559
0.315060050816414
0.281885014019608
0.299524221721972
0.267480044374286
0.280804653434476
0.251213129721852
0.260115909156542
0.234188002572815
0.239007606173890
0.217691021583669
0.219157456063181
0.203014216058253
0.202150615519809
0.191297182844506
0.189300721400233
0.183425719970867
0.181547220644781
0.179999548855628
0.179433662893072
0.181354456290932
0.183144549245128
0.187606380028250
0.192563913384569
0.198682624005455
0.207321037865688
0.214318192172560
0.226804765303574
0.234016848782645
0.250149834901720
0.256997534800052
0.276217072781964
0.282158649223564
0.303596916572441
0.308091142691998
0.330660479226575
0.333157765984657
0.355667405707833
0.355636238117194
0.376921951097567
0.373906335637648
0.392955088789646
0.386650979786061
0.402705290274206
0.393041188386384
0.405673816218222
0.392881759897748
0.402038193760912
0.386703726282606
0.392715005145445
0.375796193847676
0.379366532006017
0.362172035388617
0.364344578942306
0.348460231306087
0.350561409105920
0.337716220355182
0.341276434557717
0.333144831456679
0.339792400472226
0.337741433181189
0.349068971095558
0.353876452536787
0.371284738292598
0.382873573563104
0.407406932018339
0.424656344604589
0.456853742079800
0.477552346562083
0.517346313405380
0.538338475657648
0.585035070832847
0.602578142369056
0.654941487376484
0.665241475905561
0.721684802900051
0.721523681137489
0.780379072434462
0.767705405557713
0.827515149357074
0.801858017861947
0.861613078301329
0.824207160728070
0.883462117619956
0.837036350504063
0.895858187963674
0.844124968905319
0.902879004527191
0.849839725375279
0.908865602361898
0.858095726080655
0.917362742942499
0.871439977130581
0.930281098025439
0.890474120627308
0.947478208580935
0.913737666317121
0.966837044568932
0.938051269910059
0.984791366842990
0.959211343967360
0.997146747211321
0.972862584036753
1
0.975364009366572
0.990569738113889
0.964496440595437
0.967799093774359
0.939912592105784
0.932652841756728
0.903283427526495
0.888085006371470
0.858134840520668
0.838692267055322
0.809398498777698
0.790097941085335
0.762728461500736
0.748140250424962
0.723667677750948
0.717971349122404
0.696783503214994
0.703204518109185
0.684917040465443
0.705262030292832
0.688691613776945
0.723060665739989
0.706390396348384
0.753119202715138
0.734243972688114
0.790089856565504
0.767081413904661
0.827624147326147
0.799218223764452
0.859409608038704
0.825405607990190
0.880179392749623
0.841661925784480
0.886511477935610
0.845847152338770
0.877290677796105
0.837908479665109
0.853785092008102
0.819796336663683
0.819364423459312
0.795104235295801
0.778941532347185
0.768512578267185
0.738242845070694
0.745118604289632
0.703012243459521
0.729724208257979
0.678238821073530
0.726144569849158
0.667483765070904
0.736601655467905
0.672372197316366
0.761276040746459
0.692310554371379
0.798097597999992
0.724481334604293
0.842846648487038
0.764145907148440
0.889602581412840
0.805247837816275
0.931516992667651
0.841256793849967
0.961815015620412
0.866137497132468
0.974862154517250
0.875285424490852
0.967096831834698
0.866256897194154
0.937637121532561
0.839145866557182
0.888427421634086
0.796522792453519
0.823885983833367
0.742940474071319
0.750123841083915
0.684106054915095
0.673900743504089
0.625892570155737
0.601538392171840
0.573396203574774
0.538010886278122
0.530226773786838
0.486377986286661
0.498153737130188
0.447635106456226
0.477137133375471
0.420951676535972
0.465679696532807
0.404185221664344
0.461369503082921
0.394513615669277
0.461459185931776
0.389030337778529
0.463349927837337
0.385189905579192
0.464903127324037
0.381054179166187
0.464567474877791
0.375352192209563
0.461361621934680
0.367408240192185
0.454778310283087
0.357007073203198
0.444672841198028
0.344254498089602
0.431176150283586
0.329467562167050
0.414644608325446
0.313103474408774
0.395637110250246
0.295719344545115
0.374900586341689
0.277948180304604
0.353346350276582
0.260477697582959
0.332006427059906
0.244022830644952
0.311966229602992
0.229287139997870
0.294275611126351
0.216911910840807
0.279845098522698
0.207415582647596
0.269339365384554
0.201131005252745
0.263085608447816
0.198153097406210
0.261018224195183
0.198312569437743
0.262679939313663
0.201190074811941
0.267291404419110
0.206178385160850
0.273886922515404
0.212588875565871
0.281496781415279
0.219785449726598
0.289341272489744
0.227317586487629
0.296992336936909
0.235017970665127
0.304458997478646
0.243031998875287
0.312163736820801
0.251757846807758
0.320798377227212
0.261696202678343
0.331077135714250
0.273234768578927
0.343435817989140
0.286417624775225
0.357751146543409
0.300764969765219
0.373163383060989
0.315206814395938
0.388071403455664
0.328171553689063
0.400331328691276
0.337830734945979
0.407635703415513
0.342455766229962
0.407995777638979
0.340805661216881
0.400213010981788
0.332450349314111
0.384221150937690
0.317947451997438
0.361210123347840
0.298827561881655
0.333498131882078
0.277391329187351
0.304180728357350
0.256365243244171
0.276635822391496
0.238489345831452
0.253988503903414
0.226114514529455
0.238636386023430
0.220873180027741
0.231911732160827
0.223464444542200
0.233922520005026
0.233571816778406
0.243581447135293
0.249914476369250
0.258805499290482
0.270421168613271
0.276849674491152
0.292506117401987
0.294724667832123
0.313415420348077
0.309638282373697
0.330600026045321
0.319395165923448
0.342061231286505
0.322692503119187
0.346612432181558
0.319263694202657
0.344011247007269
0.309848147167198
0.334939656725812
0.295999100441907
0.320841827503101
0.279775154603898
0.303661129254619
0.263385820467184
0.285539848584866
0.248869435806277
0.268549933877213
0.237869989369687
0.254508568936922
0.231549859215079
0.244902214670062
0.230635507389546
0.240905845747580
0.235553592055872
0.243451959404173
0.246587491216471
0.253287397684695
0.263978319890514
0.270961868964637
0.287914161597649
0.296720336707399
0.318392776545109
0.330314563273191
0.354994974440312
0.370793180296511
0.396651212021032
0.416358356774132
0.441505416654978
0.464377070367836
0.486965966333156
0.511601176001063
0.529983712681813
0.554589652202292
0.567523657844799
0.590256498378017
0.597123668501909
0.616412822478321
0.617387032871764
0.632153663629593
0.628256020048663
0.637970200092888
0.630966302689717
0.635540921066514
0.627673900204306
0.627249557324129
0.620848364197547
0.615561935964051
0.612603400524570
0.602438789658539
0.604160830081482
0.588950054980117
0.595605224633920
0.575191218522129
0.585996515254346
0.560505882191806
0.573796600568447
0.543924100666174
0.557471104030402
0.524665053235843
0.536080086187695
0.502544060961215
0.509685264090533
0.478167322509518
0.479468054695201
0.452874586619566
0.447547091140594
0.428472042679164
0.416573215062708
0.406857845554878
0.389236533765602
0.389664112028261
0.367829725425128
0.378019775701937
0.353976714474908
0.372489344316680
0.348572045235361
0.373181876697495
0.351906388696940
0.379971535047966
0.363899176917579
0.392740074615528
0.384334718874765
0.411548955768146
0.413007436587787
0.436672720235012
0.449719255717273
0.468467905090200
0.494124798170325
0.507101518728311
0.545472143122126
0.552207601570004
0.602324362720657
0.602568859717391
0.662360468218898
0.655925446590355
0.722340996439745
0.708992064283011
0.778286847478480
0.757720583227620
0.825868909313992
0.797786951908422
0.860952398054777
0.825221715562834
0.880196533795371
0.837058777504909
0.881588381289274
0.831861174741991
0.864796295530350
0.810003022855350
0.831263528772500
0.773640399059483
0.784018389310233
0.726376780540484
0.727239531589281
0.672699609596771
0.665666588825814
0.617312662737257
0.603973552694951
0.564501167522649
0.546219075898363
0.517642682720591
0.495458009470215
0.478928209767350
0.453553506847122
0.449302735326102
0.421183273237959
0.428589082744976
0.397998828449284
0.415733227783906
0.382878897585297
0.409104103431124
0.374216919026663
0.406791044969822
0.370193643436052
0.406859878246354
0.369002958058246
0.407547864070750
0.369017091641075
0.407394316324816
0.368892348153013
0.405315641972665
0.367626074671847
0.400639726297171
0.364578764182745
0.393114676743939
0.359472762875652
0.382901828666758
0.352373388504949
0.370555059013035
0.343652746812817
0.356981346288537
0.333934133410931
0.343374307360314
0.324016763491231
0.331114496719643
0.314785373444249
0.321636614891310
0.307113979470312
0.316271883483296
0.301774809390364
0.316080997800590
0.299361021540852
0.321697610624122
0.300226711153780
0.333203899701409
0.304443073745351
0.350058787480153
0.311768566022639
0.371096010129733
0.321634624585660
0.394603135524223
0.333155222119617
0.418483311504866
0.345174165972071
0.440489126194973
0.356363940028471
0.458503864214897
0.365381156278014
0.470832289742432
0.371066923866035
0.476454224676842
0.372660261350655
0.475192835867536
0.369976526028083
0.467757976926230
0.363498484353296
0.455643757889436
0.354340046707088
0.440887001363075
0.344071361651435
0.425724781132296
0.334432107908504
0.412217440835710
0.326995789626363
0.401919446733893
0.322868820288660
0.395676362337962
0.322504932658491
0.393598950524919
0.325686312247753
0.395219114524596
0.331675259527599
0.399779146195017
0.339488812668333
0.406562571859722
0.348210652811158
0.415157934595809
0.357243057613623
0.425564840231623
0.366421184592594
0.438101310154781
0.375956447599153
0.453137774209050
0.386230581849998
0.470743740621778
0.397509304086524
0.490367224641761
0.409669424966105
0.510662351830068
0.422028927931668
0.529538592337400
0.433338612203901
0.544439913129544
0.441947068213463
0.552795006098739
0.446102483112313
0.552531337117754
0.444318562392285
0.542529313998634
0.435716464006181
0.522910649279154
0.420262305215765
0.495098808197328
0.398846508990296
0.461644511618393
0.373188630049841
0.425859667638014
0.345589315284447
0.391336733012103
0.318580827185445
0.361442184414242
0.294543529100661
0.338864687427157
0.275356652602376
0.325278076008265
0.262140162597064
0.321155226901094
0.255125413243011
0.325747750420429
0.253670386563728
0.337229859365943
0.256413895579079
0.352990275258698
0.261543626887904
0.370039651792662
0.267135875361645
0.385481278216872
0.271511552476838
0.396973345367912
0.273546300030491
0.403099929335117
0.272875922933767
0.403574023663933
0.269954347533718
0.399224051415251
0.265949079290203
0.391761764606102
0.262493506624163
0.383382358874281
0.261347846168720
0.376290570114718
0.264041878192412
0.372264898583059
0.271576366694700
0.372359088515900
0.284244761284199
0.376799311051707
0.301606637270588
0.385080116902236
0.322607770122414
0.396209597433458
0.345808706338323
0.409020182408153
0.369662681949160
0.422455221939958
0.392779463091153
0.435762688361690
0.414123905237095
0.448566866694745
0.433121784062335
0.460832086309728
0.449672587525998
0.472764162698180
0.464090706496669
0.484704837430684
0.477006425867384
0.497060358851309
0.489254706138363
0.510275220005972
0.501766920770873
0.524830441273304
0.515466392241649
0.541227851945341
0.531160958175134
0.559926628083918
0.549429204982153
0.581224106597222
0.570509287104733
0.605107207223098
0.594212604385373
0.631126181641697
0.619889731174749
0.658345009897874
0.646467550076374
0.685399770446369
0.672556837463801
0.710657979968055
0.696607838039387
0.732436568470944
0.717078849518572
0.749220571145038
0.732585983247482
0.759834850808810
0.742018578247016
0.763549374053194
0.744623881637616
0.760127714886586
0.740074535070381
0.749842387480094
0.728527013923221
0.733473514513335
0.710662516706261
0.712286965070632
0.687686062764705
0.687970624223544
0.661257541926576
0.662507183880071
0.633345250873678
0.637982001066213
0.606021364210988
0.616354908188413
0.581244475829665
0.599247532763684
0.560681471935399
0.587797879445190
0.545603464957496
0.582608918985273
0.536855776121308
0.583779242089853
0.534867713277345
0.590971327521567
0.539652928659316
0.603464230876415
0.550765190741373
0.620158396596881
0.567212526010934
0.639541629957944
0.587377051488175
0.659666985945687
0.609015924901588
0.678213965834584
0.629414048810588
0.692691019645843
0.645718560879791
0.700791471539134
0.655421246590103
0.700852224545936
0.656890882814363
0.692308450803801
0.649817651969310
0.676010201719077
0.635432719922509
0.654281229806466
0.616410542128179
0.630655061775678
0.596437691993154
0.609303899587182
0.579518205776550
0.594259320015244
0.569157115083279
0.588586054809690
0.567601217901548
0.593693490187372
0.575309407771105
0.608946895461702
0.590776100464742
0.631677048851529
0.610753069071760
0.657598622406571
0.630826705797580
0.681556292693667
0.646230508705747
0.698445366237841
0.652724186617455
0.704117814215817
0.647361376585853
0.696092566544052
0.628998010613249
0.673937102124273
0.598453872224157
0.639262392240038
0.558315269192134
0.595356017721493
0.512439250763990
0.546549430273068
0.465274062175836
0.497460222501638
0.421136981140644
0.452262017626759
0.383586840504095
0.414114500773106
0.354998328015277
0.384841966420144
0.336396911944366
0.364891918023967
0.327557437009875
0.353547805983960
0.327316724698413
0.349322562014316
0.334010368599595
0.350430064684259
0.345923603690483
0.355224480348345
0.361649711777385
0.362513119073771
0.380276725569043
0.371683491296319
0.401369034726568
0.382632237662633
0.424764855127161
0.395532237437998
0.450260150249041
0.410513247200429
0.477281173493200
0.427351366760729
0.504651909532457
0.445258341175723
0.530537208904145
0.462834177995494
0.552593876340513
0.478202967733343
0.568304064901098
0.489303694411040
0.575414708221943
0.494267920203475
0.572377722200499
0.491794787618020
0.558685806853699
0.481435782366593
0.535026459062055
0.463725612609031
0.503222968881485
0.440134058885626
0.465982022391486
0.412855940076624
0.426509467794334
0.384491360583083
0.388079175236772
0.357687909238750
0.353641179002474
0.334817121667769
0.325536990107099
0.317741307922594
0.305359068048195
0.307699953504473
0.293956684330770
0.305315268034993
0.291559737866636
0.310691199164691
0.297970885747369
0.323563829367650
0.312766983072556
0.343454978402771
0.335453245492834
0.369784383111106
0.365526520605492
0.401907672768106
0.402425999954412
0.439066317010562
0.445378579597979
0.480260355596165
0.493178304425752
0.524081905197961
0.543968622896577
0.568571110524598
0.595113588592524
0.611167709799005
0.643240288208446
0.648822227190638
0.684503983039300
0.678297104454972
0.715072144396007
0.696634556416406
0.731756303871184
0.701708834706840
0.732661842613958
0.692736074193262
0.717697094540144
0.670603590077932
0.688798488932055
0.637911215072296
0.649787657475234
0.598684028838847
0.605863623902954
0.557798883711080
0.562822210019231
0.520240084911032
0.526158913438730
0.490339609987243
0.500233342530018
0.471153717776225
0.487650316730317
0.464085524570821
0.488956453144712
0.468799140658780
0.502680788900569
0.483406718160125
0.525682878940186
0.504862711599677
0.553724788797439
0.529477815831655
0.582159202400630
0.553466327448640
0.606622720619804
0.573456259715798
0.623636373001145
0.586911082401594
0.631038948363229
0.592428083719806
0.628208154954933
0.589888890830554
0.616055656085432
0.580445318130248
0.596811006772930
0.566333683524662
0.573633640699622
0.550527686206343
0.550109967733635
0.536264987818545
0.529704367216601
0.526511702301469
0.515238761915352
0.523453243579838
0.508474795695547
0.528108644050056
0.509863037209142
0.540150406474797
0.518502338013619
0.557972214989619
0.532319079723844
0.578990842036206
0.548435003159795
0.600112468829947
0.563653223142218
0.618255570716434
0.574966780114725
0.630815379776298
0.579991822636483
0.635980600069357
0.577250091842977
0.632861329245076
0.566265785255283
0.621440128200309
0.547486900884489
0.602398002706230
0.522076956524309
0.576883220359364
0.491640687697759
0.546283643132981
0.457945916445752
0.512041669529180
0.422688905006533
0.475527034953565
0.387330504888584
0.437965557012911
0.353012002919079
0.400413952964343
0.320545602801557
0.363769078965237
0.290464561152287
0.328799578508071
0.263110874442446
0.296186384429417
0.238734165635228
0.266556928815760
0.217575796381613
0.240499645288501
0.199919050508122
0.218552777791829
0.186099115727561
0.201173418850453
0.176481779503503
0.188704071252723
0.171431101793149
0.181358469004207
0.171288097367381
0.179241782657217
0.176372519124249
0.182403597380819
0.187001455257021
0.190901534798319
0.203499665978151
0.204838544069746
0.226167150970943
0.224336295863652
0.255176631926176
0.249424532517659
0.290398535850045
0.279858264885701
0.331186940422631
0.314911087350682
0.376193623405763
0.353219447191825
0.423293526510017
0.392756380055557
0.469692133715510
0.430987468172441
0.512241461072111
0.465210485616919
0.547926768302163
0.493018121239351
0.574421302603797
0.512771898853711
0.590565670279906
0.523955640137220
0.596630453951020
0.527299665970737
0.594270069919706
0.524628136523611
0.586159688390068
0.518461988903087
0.575398476219239
0.511480985628796
0.564830427982670
0.505985288429459
0.556455409907694
0.503487700157368
0.551071468130306
0.504518269572704
0.548217750945752
0.508654284827852
0.546401755532548
0.514727131678401
0.543523750495700
0.521123327798007
0.537375319894694
0.526096594534096
0.526093154684382
0.528032722127246
0.508483997646741
0.525642274416219
0.484184230402471
0.518081676663456
0.453660439768454
0.505013071652454
0.418084798389942
0.486610136612432
0.379129655088672
0.463510263926273
0.338724372221914
0.436712583917486
0.298811060389179
0.407429922283643
0.261129098048762
0.376917098922997
0.227052085422404
0.346309511485139
0.197493528751128
0.316506962645635
0.172887440378410
0.288125772220332
0.153237544184624
0.261521598155396
0.138216616404905
0.236864560426114
0.127289436496996
0.214235495106935
0.119831709422439
0.193711572621981
0.115223577517979
0.175419576868470
0.112907701277348
0.159550158989272
0.112414297120137
0.146339665602471
0.113364689797883
0.136033130767952
0.115467900728504
0.128841812344773
0.118520930282146
0.124903594174277
0.122414662644142
0.124248519669978
0.127137659263423
0.126768050073210
0.132764080193150
0.132186929771558
0.139413049810599
0.140040227992228
0.147175747459382
0.149663000971071
0.156020701953409
0.160203196250971
0.165701718225379
0.170667459022926
0.175700230763389
0.180003408779751
0.185230174835197
0.187211823812035
0.193318306026400
0.191471122731848
0.198950659624799
0.192248797035435
0.201254234679446
0.189373729793959
0.199670010627730
0.183051059717707
0.194074009376436
0.173815565637678
0.184817132631280
0.162435728435050
0.172676790315657
0.149792898902331
0.158736046242034
0.136764011045417
0.144221867231849
0.124131039183240
0.130339102674901
0.112528657856153
0.118131412033028
0.102428451958413
0.108388290792161
0.0941486105230983
0.101603683252936
0.0878750994605707
0.0979805403644442
0.0836833868589385
0.0974690294580130
0.0815558977040037
0.0998237638984655
0.0813958169173687
0.104666115967790
0.0830401741726983
0.111540167950293
0.0862740953695996
0.119954552665131
0.0908453975336159
0.129407208238531
0.0964767124395570
0.139395585544200
0.102872649634240
0.149419986140467
0.109722134427482
0.158990639459943
0.116699484805254
0.167648086500008
0.123469982373260
0.175000860847283
0.129705209446898
0.180775766772284
0.135110170648495
0.184867489071690
0.139459422114194
0.187369670188185
0.142634979003083
0.188571615097086
0.144656302105463
0.188913469015776
0.145692932639597
0.188905186907263
0.146053117949385
0.189026229457212
0.146146191142043
0.189629290458192
0.146421557605696
0.190870288651259
0.147292111846154
0.192679185445637
0.149054124176212
0.194775181436198
0.151818384974437
0.196719506532163
0.155467759679744
0.197992312564224
0.159653401136837
0.198078031166261
0.163835377290792
0.196545052976980
0.167364240776743
0.193108982861642
0.169590243363919
0.187672615368993
0.169979433540723
0.180339611978945
0.168213435811567
0.171402740233823
0.164253481787002
0.161311490518997
0.158358255773448
0.150627334515509
0.151056385157493
0.139976639214276
0.143084162756926
0.130010127001118
0.135304242920133
0.121373471803532
0.128620455151931
0.114687260634315
0.123898709962079
0.110528527437403
0.121897126353341
0.109403204016255
0.123203289446421
0.111701136170279
0.128175265098435
0.117632886761812
0.136886092593794
0.127158182099595
0.149077415577851
0.139925561325574
0.164133858063803
0.155247170796744
0.181092659022494
0.172128704352577
0.198700815573627
0.189362098295257
0.215524151605141
0.205670999632399
0.230100931405277
0.219882018459583
0.241120129852665
0.231084615047317
0.247595211986926
0.238743406322888
0.249001630120926
0.242739030017394
0.245351721013587
0.243333487709769
0.237193186778901
0.241076218202578
0.225533356140737
0.236680969782591
0.211706155426727
0.230906443325705
0.197207847343887
0.224465621693811
0.183528910537736
0.217973801603411
0.172003666828639
0.211929954996884
0.163689704754181
0.206716035626879
0.159280181018699
0.202597317509071
0.159047268638527
0.199713226474804
0.162815567598313
0.198058790121445
0.169968562382376
0.197466868438722
0.179495506844614
0.197606504077808
0.190086434573564
0.198010973056749
0.200276974918851
0.198141050808484
0.208632909136969
0.197477541501871
0.213950550632457
0.195626302419822
0.215438402404516
0.192412590671169
0.212842993699696
0.187941761854493
0.206489629789782
0.182610096268682
0.197225658671891
0.177060631321946
0.186275171072578
0.172090938785256
0.175033656250987
0.168529493218583
0.164843558494906
0.167102549551994
0.156793917844700
0.168313911134931
0.151579526789517
0.172356656237467
0.149440193414556
0.179070394467500
0.150183092115205
0.187951227317866
0.153275087063656
0.198214821008163
0.157980469977573
0.208905823615419
0.163514260130665
0.219039284545605
0.169182000432895
0.227752497660129
0.174482657234087
0.234440519440658
0.179160061190561
0.238847847601779
0.183198540772904
0.241094334257694
0.186768469080980
0.241625704882234
0.190136110870800
0.241095997232241
0.193558317893107
0.240206476432765
0.197185262672322
0.239537767767870
0.200992749349645
0.239414742971644
0.204759540066463
0.239835689750800
0.208095456322045
0.240480812273325
0.210514769914253
0.240795412011312
0.211539353476109
0.240126268226436
0.210809880725358
0.237880263278525
0.208182630259333
0.233673510241808
0.203793999005290
0.227445306765359
0.198082816948917
0.219520560869950
0.191769167065753
0.210613481288081
0.185795049744146
0.201772475621822
0.181235535029734
0.194271459193759
0.179189378984681
0.189457427294616
0.180657183550551
0.188569407924283
0.186415184168523
0.192549950716064
0.196894978361054
0.201875883420912
0.212083628516056
0.216437939569242
0.231462529683724
0.235496654122029
0.254004256070010
0.257733120087435
0.278241753425066
0.281397947029230
0.302412959086611
0.304542275822361
0.324667911777617
0.325295089575847
0.343308601157356
0.342136505470919
0.357019262762371
0.354112136987671
0.365041121910662
0.360941976289057
0.367253260796672
0.362998279790173
0.364139768393678
0.361156512271746
0.356648764383300
0.356554162318086
0.345974822993211
0.350315492151287
0.333315386895561
0.343308701606894
0.319657895689670
0.335992274338398
0.305645022309297
0.328381752732745
0.291542912627902
0.320134464739689
0.277308449113557
0.310718316621426
0.262725421207570
0.299611390754302
0.247564209636191
0.286477094549588
0.231719246147260
0.271274064912621
0.215291675441053
0.254284380915073
0.198605317611992
0.236068595328064
0.182164376327717
0.217373485501577
0.166574947921968
0.199024152946414
0.152456471847002
0.181827063663985
0.140364970866942
0.166499380971863
0.130740947020168
0.153628116793483
0.123885243446397
0.143654379266761
0.119958912546668
0.136874734617029
0.118999148483868
0.133452314892540
0.120942215342312
0.133432435274152
0.125645061535498
0.136759036431015
0.132899180480072
0.143288381881600
0.142432913532136
0.152795676272095
0.153901683558432
0.164970085901270
0.166869375018848
0.179395534113507
0.180787696984216
0.195519300491932
0.194983052353384
0.212617199809632
0.208661298478078
0.229770840545256
0.220939140447546
0.245876125557347
0.230906514122231
0.259699873465421
0.237717574440058
0.269991836556359
0.240699897504072
0.275643725250809
0.239463993644908
0.275869246921496
0.233990381181831
0.270365618466510
0.224671329363159
0.259413279070859
0.212290143719610
0.243879734436580
0.197932237896965
0.225114433615043
0.182837128810099
0.204748795182625
0.168215348643736
0.184440812697695
0.155064958611222
0.165619144432155
0.144025416498638
0.149282317278728
0.135300373960137
0.135894429492368
0.128666471295992
0.125393938698574
0.123565743944287
0.117304189599707
0.119259881747860
0.110911185928814
0.115010533364191
0.105461700963665
0.110244987077099
0.100335522320083
0.104672105359080
0.0951578453717918
0.0983274697886654
0.0898368688729737
0.0915449376119828
0.0845314469815739
0.0848688557210691
0.0795687924095926
0.0789325015354913
0.0753395081033688
0.0743316992110463
0.0721963365878952
0.0715185396593728
0.0703761135389595
0.0707313892883947
0.0699549070954779
0.0719673428373550
0.0708374492941102
0.0749947642724215
0.0727757279900428
0.0793979377618361
0.0754084838862889
0.0846430882359496
0.0783126866461771
0.0901543279030509
0.0810587738044873
0.0953886096853237
0.0832626659016518
0.0999000758624659
0.0846289255545743
0.103386194857210
0.0849808685889473
0.105710768121338
0.0842750236067940
0.106902077488561
0.0825990582423024
0.107127756705133
0.0801540500817396
0.106651011658436
0.0772236879850768
0.105775318266044
0.0741345997379483
0.104786552205226
0.0712134327321176
0.103902461288404
0.0687473171183982
0.103239098927512
0.0669544689480585
0.102801795636948
0.0659704665986654
0.102504161545860
0.0658529632412621
0.102212809117058
0.0666036443194088
0.101809106893352
0.0682020501531007
0.101254084866914
0.0706427009728264
0.100640392849704
0.0739658265267412
0.100217033505882
0.0782733143128449
0.100378288737871
0.0837248439828950
0.101616397250843
0.0905135522057357
0.104445881078924
0.0988247739949200
0.109313682754866
0.108784506048924
0.116511911000781
0.120405846605940
0.126108642470977
0.133541932821234
0.137907750898744
0.147853275834248
0.151442814333597
0.162796314305432
0.166004615001655
0.177638583105773
0.180697866988047
0.191503815513713
0.194520840767276
0.203446995527582
0.206460749705943
0.212554455379222
0.215596894125776
0.218057894317692
0.221201765187659
0.219445073183422
0.222827834191462
0.216546214518103
0.220366072753691
0.209576188610723
0.214063421148891
0.199119615469658
0.204491851835346
0.186058093951159
0.192470985833661
0.171452567994581
0.178956932828349
0.156404743391618
0.164918401803605
0.141925491635909
0.151223852049174
0.128833860096708
0.138559305464160
0.117699554009931
0.127387019400048
0.108829059169555
0.117944252164482
0.102285923762001
0.110272911952827
0.0979322243877824
0.104267442664371
0.0954807260503263
0.0997297032910565
0.0945525484581023
0.0964234232221940
0.0947390026681002
0.0941239619326132
0.0956657257300506
0.0926596332369687
0.0970524104959639
0.0919390941779808
0.0987554680123693
0.0919575584786809
0.100778440905793
0.0927757140104113
0.103239358755581
0.0944707387457237
0.106295737101775
0.0970677704162863
0.110043050630853
0.100469291679700
0.114415265491014
0.104404917754978
0.119120508099248
0.108421878312956
0.123638078002549
0.111926639558307
0.127286031749893
0.114273334071879
0.129346819125878
0.114879869081205
0.129219410797845
0.113342964285284
0.126556756416267
0.109522373457954
0.121350705958868
0.103572567381661
0.113941623065132
0.0959144821887356
0.104951674106420
0.0871558520122466
0.0951619697570977
0.0779812137227715
0.0853676993561628
0.0690384433320306
0.0762482839462331
0.0608466864075354
0.0682814447713489
0.0537422950284071
0.0617145402467215
0.0478680460749784
0.0565891445296920
0.0432000511201619
0.0528011289847165
0.0395991849120188
0.0501721250490017
0.0368709356410471
0.0485100884755236
0.0348191737463648
0.0476449786974055
0.0332841563571049
0.0474367942457726
0.0321612826290104
0.0477634167112459
0.0314028598902626
0.0485017856689069
0.0310090407742931
0.0495163926998217
0.0310154271767005
0.0506643987619711
0.0314836145271879
0.0518188868022926
0.0324978172092490
0.0529037204055231
0.0341667637476517
0.0539279139818710
0.0366265379837181
0.0550060770918102
0.0400380987658756
0.0563546722710663
0.0445735691083899
0.0582604013117067
0.0503881972411941
0.0610249488462152
0.0575796352000128
0.0648972705735759
0.0661416812538132
0.0700087477413234
0.0759242230486036
0.0763268063600461
0.0866129896194771
0.0836389437714673
0.0977404784598997
0.0915723221121282
0.108732746937762
0.0996456976026822
0.118986890897401
0.107342462512604
0.127963786050948
0.114188124887767
0.135273692622764
0.119814389517144
0.140731787474120
0.123995862058624
0.144367815700495
0.126653502991346
0.146387241267445
0.127828999262247
0.147096322737034
0.127642946166331
0.146815074662193
0.126254047562241
0.145805660613940
0.123834725621589
0.144237773874436
0.120571018652690
0.142198973139061
0.116684020729222
0.139741649796225
0.112460241670092
0.136945244721993
0.108272874211331
0.133967196315262
0.104577258250631
0.131060598035040
0.101871676998748
0.128548875959366
0.100626513777573
0.126763463575485
0.101196768377782
0.125963968517816
0.103740886965209
0.126267159027935
0.108169959511479
0.127609109967452
0.114144917936412
0.129754850580744
0.121127140115003
0.132355189781308
0.128473383080566
0.135035771847398
0.135553534011779
0.137493414540716
0.141863013975651
0.139572434750003
0.147102812993067
0.141299540447207
0.151208736641861
0.142867923732866
0.154324909661993
0.144575501303760
0.156730902384609
0.146734365983603
0.158742920253609
0.149575000117821
0.160614464253641
0.153168354035819
0.162459950745043
0.157382588239332
0.164217314454629
0.161881888840022
0.165655349785234
0.166165486623142
0.166421500214640
0.169638207609433
0.166118289541263
0.171700412726579
0.164392667835729
0.171844487742164
0.161022098578560
0.169745836705876
0.155983372816713
0.165337439348843
0.149493803969181
0.158857961978940
0.142018682345733
0.150864452952131
0.134243017886034
0.142202593312422
0.127009385669857
0.133931131848211
0.121227128278715
0.127202942962714
0.117761472952794
0.123112849123251
0.117314474941190
0.122530845704705
0.120312945925413
0.125946718908850
0.126820903037342
0.133355765491180
0.136494217935843
0.144213010840822
0.148591560868821
0.157473661842348
0.162047632282547
0.171721278235320
0.175602812168553
0.185365603184250
0.187970349599258
0.196874473486369
0.198011938112235
0.204994420319088
0.204888693653353
0.208916315729242
0.208159075903013
0.208355893662499
0.207807227526682
0.203540234331954
0.204200957101163
0.195113607420643
0.197993350236023
0.183992498451748
0.189991705112021
0.171205802630065
0.181020365684913
0.157751748384056
0.171800860472548
0.144491556796172
0.162865994017431
0.132086455125920
0.154516777465624
0.120974147495448
0.146823904482126
0.111375534259295
0.139669225852919
0.103321950407328
0.132817131691493
0.0966952630542706
0.126001055577848
0.0912753953879404
0.119007422983550
0.0867908169945710
0.111739672307506
0.0829672698725229
0.104249379569480
0.0795694797186309
0.0967295550891277
0.0764309611798720
0.0894748366924449
0.0734688055257970
0.0828216603499050
0.0706832340122229
0.0770858819068907
0.0681447703015733
0.0725144097422833
0.0659740351978739
0.0692616422034547
0.0643196292047515
0.0673928839599292
0.0633382124189398
0.0669082176967948
0.0631782870894516
0.0677741804890168
0.0639664295617448
0.0699488252843674
0.0657930490578275
0.0733888344905404
0.0686950819807749
0.0780343863787146
0.0726354998899006
0.0837763290103575
0.0774832778386123
0.0904180493697768
0.0830009141320580
0.0976484816546672
0.0888479037922302
0.105041244753097
0.0946065533803378
0.112087971961819
0.0998312531565666
0.118263491349437
0.104115265616095
0.123110008701149
0.107162625652362
0.126320389160342
0.108849215891888
0.127799407293755
0.109257823324836
0.127686752140681
0.108676840447057
0.126334862265745
0.107559759898350
0.124245304877633
0.106450635393724
0.121976385319247
0.105887397206062
0.120040016814199
0.106299245391747
0.118807085590411
0.107916000970096
0.118438242288532
0.110706360917388
0.118852312600249
0.114358539580084
0.119738282479507
0.118310749421161
0.120609709852828
0.121830579978895
0.120893040354810
0.124132525458915
0.120034594041531
0.124513639968497
0.117606341771562
0.122481195023788
0.113389540707052
0.117845691189788
0.107418857876872
0.110758738336559
0.0999776038126517
0.101687213456701
0.0915454979139706
0.0913297560553960
0.0827112442217721
0.0804949635335271
0.0740700843363692
0.0699687771496671
0.0661291431846521
0.0603992989838790
0.0592400843554871
0.0522207935899536
0.0535704533466323
0.0456272366110502
0.0491146478813888
0.0405930815502767
0.0457358097008297
0.0369285343195948
0.0432237092490265
0.0343510399118443
0.0413522509872631
0.0325546477837505
0.0399233403982387
0.0312634778489007
0.0387899721760397
0.0302625572769007
0.0378583067468467
0.0294064162272664
0.0370741149680037
0.0286110525067588
0.0364019626056053
0.0278371956757419
0.0358055740341561
0.0270722912548153
0.0352355589008501
0.0263161915383881
0.0346272308018775
0.0255724635620967
0.0339077942200793
0.0248446751888783
0.0330096484403385
0.0241356941202151
0.0318854198499442
0.0234480266071824
0.0305205809809109
0.0227841199319151
0.0289407743386732
0.0221466826656641
0.0272126616971627
0.0215398001999634
0.0254386830869594
0.0209715740682367
0.0237471096873629
0.0204582174474992
0.0222790613438329
0.0200283841240578
0.0211738849826178
0.0197255846529878
0.0205538290346891
0.0196064029074935
0.0205087247071507
0.0197331385481725
0.0210816653191645
0.0201613020950328
0.0222574186959116
0.0209244925173061
0.0239561399186309
0.0220207774809948
0.0260352991585839
0.0234050508870135
0.0283020869585568
0.0249906529406349
0.0305367277600180
0.0266610879310193
0.0325244451690790
0.0282897701870023
0.0340910639876957
0.0297633901409438
0.0351353853615082
0.0310035331253846
0.0356513162123050
0.0319818655931163
0.0357345077465697
0.0327261427907342
0.0355715092941914
0.0333166611678742
0.0354131917833780
0.0338747067868655
0.0355373178320468
0.0345455137508272
0.0362068139936056
0.0354782531421918
0.0376303094348105
0.0368050654272248
0.0399302187635601
0.0386206967955098
0.0431217821809984
0.0409642690181960
0.0471047209927439
0.0438050926700396
0.0516678840652703
0.0470348883279947
0.0565064077061550
0.0504688598327176
0.0612501763734195
0.0538574409314820
0.0655014322668716
0.0569091465233813
0.0688781338921157
0.0593230058131079
0.0710583124189578
0.0608269292342880
0.0718196625265257
0.0612165469978311
0.0710684249462923
0.0603880434371600
0.0688526042156583
0.0583587039540647
0.0653567355369513
0.0552704943532654
0.0608784255461878
0.0513748754458062
0.0557901106695779
0.0470006824862725
0.0504921526928128
0.0425104005852617
0.0453648729456570
0.0382525886880020
0.0407270586901288
0.0345188450485505
0.0368069045320694
0.0315123997231536
0.0337287029016056
0.0293326058949538
0.0315155299816397
0.0279761505570308
0.0301053748432073
0.0273526629549203
0.0293761622710048
0.0273102472123996
0.0291742011105348
0.0276655432959800
0.0293407733746195
0.0282330778443025
0.0297327010012812
0.0288495718935954
0.0302345104993343
0.0293902280704530
0.0307619138635248
0.0297756507767422
0.0312583332379408
0.0299698414010514
0.0316876801002110
0.0299714544085555
0.0320271639304283
0.0298018340499661
0.0322633324029216
0.0294938267613839
0.0323929275015495
0.0290846706189102
0.0324279359083452
0.0286144652485171
0.0324021439612723
0.0281293552084348
0.0323753366725390
0.0276864702388139
0.0324315044045338
0.0273566904393391
0.0326690561234310
0.0272218825004788
0.0331835834044748
0.0273652132352561
0.0340463290748685
0.0278557646640953
0.0352833101381916
0.0287309787098170
0.0368604316138500
0.0299816308584444
0.0386787894753631
0.0315437148686769
0.0405820659868419
0.0333000068933399
0.0423751621050710
0.0350917616243750
0.0438507542949800
0.0367386946926246
0.0448189044176512
0.0380637043622683
0.0451344712189237
0.0389179784024419
0.0447178071774868
0.0392022357095992
0.0435657515520479
0.0388807003270329
0.0417518072164017
0.0379857562921009
0.0394161950831595
0.0366128306619896
0.0367479112956282
0.0349066445438021
0.0339618113037256
0.0330413038205141
0.0312740810753578
0.0311975448855794
0.0288792850231276
0.0295406618410828
0.0269316086264490
0.0282022149374271
0.0255320753060193
0.0272677008851560
0.0247225618914232
0.0267712009140840
0.0244865165393244
0.0266968732164098
0.0247555276495308
0.0269862194629097
0.0254203854792603
0.0275494296983875
0.0263450383196465
0.0282788132423005
0.0273818278652421
0.0290623270739056
0.0283865101582597
0.0297954708574483
0.0292317441681839
0.0303902693138800
0.0298179098561817
0.0307806310897840
0.0300803066277011
0.0309239701603878
0.0299920344427586
0.0307995200809709
0.0295622411868014
0.0304042070474800
0.0288299659885465
0.0297472429147102
0.0278544793117432
0.0288447271026589
0.0267036880310471
0.0277154680370054
0.0254426448961773
0.0263789110509274
0.0241242841869811
0.0248554929552528
0.0227840875016987
0.0231690251524036
0.0214395015648657
0.0213500277662402
0.0200937855696762
0.0194385345188062
0.0187428788912738
0.0174849469436989
0.0173831847178444
0.0155480708657197
0.0160180845961033
0.0136903607787615
0.0146615542731598
0.0119713276930739
0.0133382451418994
0.0104407046578642
0.0120804831686191
0.00913308775593294
0.0109234570782855
0.00806534667851543
0.00990017720722892
0.00723729152426000
0.00903754381119446
0.00663517576092692
0.00835422486070661
0.00623689995970045
0.00786028460591070
0.00601745075342087
0.00755790833142209
0.00595321090332495
0.00744232586418967
0.00602422161352602
0.00750219196131038
0.00621410339058638
0.00771913985571283
0.00650797425212079
0.00806679351185257
0.00688920840601471
0.00850998423167940
0.00733616874791369
0.00900508836494848
0.00782007748174542
0.00950220322744453
0.00830494821454171
0.00994935593177445
0.00875001711989796
0.0102982651901355
0.00911446480131522
0.0105105896615282
0.00936356333256759
0.0105633216727100
0.00947490292147485
0.0104521392261104
0.00944321758548394
0.0101920701230655
0.00928261489023077
0.00981556089677987
0.00902565840916273
0.00936871855685299
0.00871955967780552
0.00890687291024011
0.00842044944682827
0.00849057204870585
0.00818708457964386
0.00818269773682916
0.00807528733049853
0.00804671589332192
0.00813394046041433
0.00814537340024865
0.00840264668744900
0.00853864451788196
0.00891046118011860
0.00927961963590733
0.00967468584838040
0.0104074494325726
0.0106987642373038
0.0119374210125845
0.0119688785773358
0.0138495821133841
0.0134497768236584
0.0160786736058515
0.0150813173389436
0.0185089622302186
0.0167777898091926
0.0209773861573000
0.0184318969637153
0.0232869843306399
0.0199242498934063
0.0252300651181198
0.0211375792412745
0.0266176470403992
0.0219731488664397
0.0273093397716879
0.0223657474515753
0.0272369382778319
0.0222936260505245
0.0264160495015930
0.0217809350402232
0.0249428596066332
0.0208922073832059
0.0229768461949301
0.0197205315373818
0.0207136806648696
0.0183725335816906
0.0183546974783153
0.0169537025449261
0.0160795652127228
0.0155569386531314
0.0140272667338531
0.0142558556988552
0.0122878234778742
0.0131028730422085
0.0109042878138141
0.0121309683553119
0.00988221490642390
0.0113573831303814
0.00920263237825251
0.0107875876135505
0.00883456554119894
0.0104182646176191
0.00874420815821690
0.0102387512282285
0.00889940245926889
0.0102310877739483
0.00926970572382024
0.0103694029055529
0.00982355407993126
0.0106196801874716
0.0105246328595028
0.0109409128760574
0.0113294717114431
0.0112882437623448
0.0121876325023888
0.0116180063315861
0.0130449111274451
0.0118938491782377
0.0138490399693263
0.0120926099564248
0.0145567181986918
0.0122085270570367
0.0151405524149736
0.0122547973995044
0.0155946466338132
0.0122622661809054
0.0159379951059067
0.0122758737810634
0.0162153014371491
0.0123500583700242
0.0164952000749355
0.0125444002709119
0.0168660190938914
0.0129203776586224
0.0174292471669539
0.0135393699705379
0.0182908891666209
0.0144613024941629
0.0195510535240859
0.0157428673218228
0.0212924631344932
0.0174342469097047
0.0235690370119101
0.0195736918880082
0.0263960565182362
0.0221800030313643
0.0297434942120931
0.0252437204755665
0.0335337342283918
0.0287184507076507
0.0376442217979319
0.0325141664053555
0.0419147834159943
0.0364944618193587
0.0461587458853357
0.0404796049442613
0.0501767311444609
0.0442567215756562
0.0537720766028957
0.0475974783348002
0.0567669895801153
0.0502821807097099
0.0590184995709816
0.0521274450298888
0.0604328852422565
0.0530129728106506
0.0609766728499740
0.0529020595884378
0.0606819331733094
0.0518508645776241
0.0596438987497456
0.0500033710120893
0.0580101042420788
0.0475720588193347
0.0559621138567501
0.0448077438621895
0.0536928252914683
0.0419647068733395
0.0513835606338629
0.0392682131365869
0.0491851250020227
0.0368904675644498
0.0472057087066520
0.0349383748962560
0.0455064691544643
0.0334531941674962
0.0441037069405274
0.0324194601389434
0.0429754811439110
0.0317792081792242
0.0420705372950395
0.0314477192537190
0.0413182039070291
0.0313281759541975
0.0406387502380179
0.0313239572098123
0.0399539692686563
0.0313481329015964
0.0391972955239288
0.0313298844784540
0.0383219806393162
0.0312174186288907
0.0373054247867688
0.0309770123769925
0.0361482463009760
0.0305884785292796
0.0348680935879631
0.0300384459409624
0.0334900067055525
0.0293138568760919
0.0320364643114021
0.0283983403548650
0.0305204161224430
0.0272732806702502
0.0289434614144178
0.0259236703232417
0.0272993781279745
0.0243469068301333
0.0255812938579803
0.0225614006234551
0.0237897122466907
0.0206117743903933
0.0219387174876916
0.0185685789027365
0.0200587612459737
0.0165223164183934
0.0181958738511977
0.0145733635266832
0.0164082544896890
0.0128204260538097
0.0147615636078888
0.0113501290937258
0.0133238658865512
0.0102294128441285
0.0121604200135452
0.00950109145351097
0.0113278982611924
0.00918185363359765
0.0108675525099666
0.00926157969355949
0.0107974353112915
0.00970321136154914
0.0111047998274689
0.0104432681427222
0.0117407568066474
0.0113939609974462
0.0126196292558074
0.0124482124955172
0.0136248707659925
0.0134884732552556
0.0146219151758189
0.0143990991631958
0.0154763161529869
0.0150806311600777
0.0160737016799172
0.0154631849557229
0.0163371133850810
0.0155158300923782
0.0162376537820333
0.0152495396887102
0.0157959858486028
0.0147128439726808
0.0150746040188215
0.0139812023106090
0.0141631314449991
0.0131426707208900
0.0131604426868633
0.0122831715117352
0.0121577421560205
0.0114743908608618
0.0112258919571823
0.0107662439488485
0.0104087199495704
0.0101844260213462
0.00972236209781634
0.00973232871106527
0.00915942306647305
0.00939589538864771
0.00869612780433918
0.00914988974413791
0.00830064029028442
0.00896437754237518
0.00794110528157586
0.00881067244760271
0.00759244940700326
0.00866631823042413
0.00724137308102030
0.00851877583230724
0.00688922238185938
0.00836743350312738
0.00655259803831053
0.00822353879793833
0.00626171306837120
0.00810782073764871
0.00605669632808344
0.00804597296032101
0.00598225162318145
0.00806270665404730
0.00608128606072235
0.00817556230152213
0.00638828226600322
0.00838989268555973
0.00692328800429090
0.00869627837372211
0.00768742134180856
0.00907112125544504
0.00866071398870643
0.00948041272662373
0.00980289403927358
0.00988589323473373
0.0110572994869290
0.0102522170506865
0.0123575238580637
0.0105534665849914
0.0136357263608018
0.0107774942088763
0.0148309873578271
0.0109270790745341
0.0158958893693193
0.0110176552626260
0.0167998219039936
0.0110722122021482
0.0175283442637941
0.0111146746788570
0.0180790798483753
0.0111634437540782
0.0184556820473382
0.0112267050463298
0.0186620064745465
0.0113005957413390
0.0186984966687920
0.0113705139999973
0.0185619608791634
0.0114150037456754
0.0182486851754284
0.0114110219612389
0.0177596517784759
0.0113391796926677
0.0171059367303970
0.0111877710878635
0.0163123638251210
0.0109549321978752
0.0154181233982646
0.0106488688780453
0.0144740288004060
0.0102865353351694
0.0135370084334535
0.00989131228368360
0.0126630346327020
0.00949015313900846
0.0118998751193817
0.00911047675659750
0.0112808975020244
0.00877694982599109
0.0108208289370275
0.00850832007466165
0.0105140181875634
0.00831461882412756
0.0103354285811327
0.00819523584002949
0.0102442911040347
0.00813843502445319
0.0101900259252256
0.00812272574258745
0.0101196929050286
0.00812013003152697
0.00998591466888061
0.00810089435946279
0.00975402964706689
0.00803875368471614
0.00940726930111407
0.00791562900046815
0.00894904877315768
0.00772472171932084
0.00840196932165094
0.00747134720172945
0.00780374303314833
0.00717141145971741
0.00720082390563032
0.00684800582479352
0.00664093528549591
0.00652700370597910
0.00616583825547240
0.00623268352333894
0.00580556760067967
0.00598425994428456
0.00557501207629478
0.00579385979204487
0.00547322250601426
0.00566606011873082
0.00548530766244201
0.00559874387891912
0.00558633258370100
0.00558480761492572
0.00574634522233949
0.00561419520636230
0.00593555740670598
0.00567579827755164
0.00612878206837761
0.00575890036843422
0.00630843799558420
0.00585399884416937
0.00646572542562161
0.00595298840918575
0.00659990717845818
0.00604882327704132
0.00671596556669366
0.00613488383793123
0.00682120739363114
0.00620434072893674
0.00692160761449941
0.00624981033272088
0.00701875696344529
0.00626351599742893
0.00710816283513231
0.00623802075658411
0.00717934231215894
0.00616742364452814
0.00721770225092379
0.00604877265015699
0.00720774224791875
0.00588339032616450
0.00713678037716344
0.00567784297274015
0.00699829292657797
0.00544437823208829
0.00679410409641955
0.00520075256478060
0.00653499705791748
0.00496942358300192
0.00623972062957149
0.00477608556621731
0.00593270546205463
0.00464751688494538
0.00564099384206437
0.00460874487016710
0.00539091289538646
0.00467966029892413
0.00520493011042891
0.00487142442732876
0.00509899998873748
0.00518324238489551
0.00508060739462784
0.00560022691635101
0.00514766415251135
0.00609305149609557
0.00528840403892324
0.00661984871331995
0.00548240249677629
0.00713038248849070
0.00570277376361404
0.00757201620727764
0.00591944493788828
0.00789655450291154
0.00610318703562288
0.00806678285868748
0.00622984964067094
0.00806154020304655
0.00628407628290984
0.00787843375810057
0.00626175049115121
0.00753377191384471
0.00617058562742878
0.00705983549130705
0.00602861737617153
0.00650010497921155
0.00586081368316530
0.00590340365664215
0.00569446137360178
0.00531803512346446
0.00555428896635624
0.00478687102948886
0.00545834530761680
0.00434401899383361
0.00541545132815968
0.00401326083409027
0.00542463868911043
0.00380801867885992
0.00547650629696562
0.00373230352166428
0.00555600176627809
0.00378201221291229
0.00564587756628042
0.00394608089234046
0.00573002819428315
0.00420731173901962
0.00579606759491465
0.00454303953133382
0.00583678855938474
0.00492604910690036
0.00585046813452307
0.00532618349754441
0.00584025701356535
0.00571286549389189
0.00581304949998405
0.00605836288897241
0.00577824188061488
0.00634121070443316
0.00574666181357630
0.00654893992394129
0.00572974298974507
0.00667928465033789
0.00573881072809834
0.00673937685694666
0.00578422191289944
0.00674299362244421
0.00587412524455960
0.00670650578571841
0.00601277996293318
0.00664457901899785
0.00619863708335962
0.00656675278676973
0.00642264661822923
0.00647574676287348
0.00666739797739480
0.00636782328460248
0.00690765104631228
0.00623495323886148
0.00711255723544962
0.00606807878013611
0.00724946056835630
0.00586055992526385
0.00728872367979276
0.00561095427400339
0.00720867942102214
0.00532454337128529
0.00699967963107556
0.00501337453613259
0.00666635034918901
0.00469492631751459
0.00622753749467690
0.00438975850421130
0.00571393563566636
0.00411864734353794
0.00516389226414449
0.00389973927755165
0.00461823626428140
0.00374620215671912
0.00411510821608626
0.00366473243636466
0.00368566180051985
0.00365510883909737
0.00335121917277297
0.00371078817551070
0.00312209986856809
0.00382034634719239
0.00299800766308772
0.00396941452804504
0.00296962848645534
0.00414268554623773
0.00302099343268184
0.00432559392728224
0.00313217635743054
0.00450540326283136
0.00328197815136927
0.00467163164742157
0.00345034621088414
0.00481594862184800
0.00362035062764580
0.00493181763799730
0.00377957942605972
0.00501418837266736
0.00392084260548912
0.00505945576036000
0.00404212126503989
0.00506573589584598
0.00414578840635730
0.00503333291502955
0.00423725949223771
0.00496515760295412
0.00432336617749859
0.00486685081347742
0.00441082535491915
0.00474645891705927
0.00450514274815954
0.00461365772496582
0.00461013001133920
0.00447866023953986
0.00472797119839769
0.00435101963581416
0.00485954581571520
0.00423853547750848
0.00500461248930909
0.00414641052368207
0.00516154861946592
0.00407673114360469
0.00532660975131439
0.00402829414651750
0.00549300737888283
0.00399678796604237
0.00565034453568095
0.00397533824445070
0.00578495843802905
0.00395541474405753
0.00588145876290887
0.00392804631168857
0.00592530526733539
0.00388520910042656
0.00590582043066181
0.00382117333347745
0.00581877670546561
0.00373355763991594
0.00566775259742001
0.00362387412964408
0.00546380485047096
0.00349744738494801
0.00522351942363162
0.00336272274475494
0.00496598557797418
0.00323009893488201
0.00470951524721157
0.00311049400177667
0.00446892664944247
0.00301387314822120
0.00425396130573446
0.00294794626909868
0.00406902378678602
0.00291720373181831
0.00391406508116825
0.00292241647246158
0.00378618480367180
0.00296068319760827
0.00368145395198879
0.00302605763719682
0.00359654315522645
0.00311072771391912
0.00352991963573530
0.00320664812918960
0.00348256924287274
0.00330745503080675
0.00345833639031244
0.00341042244789183
0.00346401257534521
0.00351815906174471
0.00350924254236876
0.00363969765137615
0.00360619597871032
0.00379061664662250
0.00376883870925786
0.00399188545780581
0.00401159939343358
0.00426727609698576
0.00434730796949929
0.00463944487263104
0.00478447611088335
0.00512512734556945
0.00532424438292628
0.00573022529119838
0.00595755128230024
0.00644578461470806
0.00666320157771579
0.00724586790933565
0.00740747141621857
0.00808806976236911
0.00814567910598387
0.00891694278298148
0.00882581309238220
0.00967000796701770
0.00939391261945327
0.0102854637814022
0.00980052223362438
0.0107103237275424
0.0100072627824854
0.0109075903178583
0.00999243736154790
0.0108612323772690
0.00975465772173813
0.0105781264203414
0.00931374364626790
0.0100866640680798
0.00870858672054534
0.00943231212467447
0.00799221087646574
0.00867093791283248
0.00722479890688539
0.00786108978395956
0.00646586484899038
0.00705658150521978
0.00576693121663849
0.00630063114685122
0.00516596188242607
0.00562245803739315
0.00468442170072118
0.00503670968159202
0.00432727007285719
0.00454549037513387
0.00408558423318639
0.00414223727664899
0.00394099714314091
0.00381636642427751
0.00387084276152711
0.00355756373734778
0.00385288477353246
0.00335881816012034
0.00386874576321559
0.00321770440174266
0.00390556915460486
0.00313589548586856
0.00395591532290381
0.00311729414944020
0.00401629479168384
0.00316542823439709
0.00408498746901977
0.00328082658387007
0.00415985309831761
0.00345899992881828
0.00423672475775762
0.00368945101566483
0.00430875299652825
0.00395589440663638
0.00436680501247637
0.00423763350110778
0.00440078300301909
0.00451185473244499
0.00440154670658678
0.00475646998014203
0.00436302097447342
0.00495306617284863
0.00428403780017636
0.00508949796507199
0.00416949660579884
0.00516168076674438
0.00403052208187395
0.00517421226738320
0.00388345278647926
0.00513958420965284
0.00374769835484461
0.00507595385961430
0.00364273700788019
0.00500371910535041
0.00358474770488302
0.00494144157019571
0.00358352719500709
0.00490191175091106
0.00364037413957842
0.00488925367059668
0.00374749186463847
0.00489784571173757
0.00388916872718568
0.00491346925290365
0.00404459188257388
0.00491655265534754
0.00419173399737029
0.00488680056958927
0.00431144355595148
0.00480807184153623
0.00439077357613367
0.00467225053991165
0.00442475227963709
0.00448110870385661
0.00441620386872436
0.00424572460794609
0.00437375947565924
0.00398372221752007
0.00430869923589935
0.00371520863778368
0.00423157945754010
0.00345860896749635
0.00414962297099209
0.00322753589958329
0.00406557733629869
0.00302942255605009
0.00397826309982787
0.00286604454686701
0.00388449858788468
0.00273546938549345
0.00378166914951491
0.00263458588094858
0.00367003539651990
0.00256128824767275
0.00355399232694236
0.00251561529618091
0.00344185149398639
0.00249957370281345
0.00334420120260746
0.00251585223445575
0.00327135430243886
0.00256600792221096
0.00323068594030281
0.00264886908034108
0.00322471533379974
0.00275981874858863
0.00325058787217410
0.00289133290738280
0.00330122439294150
0.00303474190265475
0.00336792664444268
0.00318277727815247
0.00344378322241711
0.00333217099271135
0.00352692179334365
0.00348547126851409
0.00362258447250811
0.00365136455366174
0.00374320155871351
0.00384312911847037
0.00390608597524800
0.00407532478454463
0.00412898684810149
0.00435933639087613
0.00442438831026543
0.00469880378133999
0.00479394338029212
0.00508615980903190
0.00522461859334183
0.00550136999309175
0.00568787695113316
0.00591350817107534
0.00614254433429518
0.00628509726225752
0.00654103507220604
0.00657837537094618
0.00683763122426637
0.00676205066706438
0.00699684083918379
0.00681689557874194
0.00699975570933927
0.00673880422937717
0.00684686031228351
0.00653863473919627
0.00655675338471481
0.00623906074435561
0.00616139294305709
0.00586946308251675
0.00569937316789017
0.00546033563227978
0.00520909982926307
0.00503863071619003
0.00472347763065952
0.00462498756862943
0.00426701676913363
0.00423308384144240
0.00385541276162692
0.00387069442763045
0.00349696641974217
0.00354164908640160
0.00319488478871613
0.00324783373631118
0.00294955895664658
0.00299061942162454
0.00276022458242633
0.00277147420589460
0.00262578999824806
0.00259185095566108
0.00254491347570763
0.00245264080286142
0.00251556367983142
0.00235351832634485
0.00253433018311055
0.00229243097225135
0.00259572988961808
0.00226537755302703
0.00269173233284409
0.00226653388218601
0.00281170926440192
0.00228873046549229
0.00294297039790028
0.00232424659121322
0.00307194141015399
0.00236582998232815
0.00318586775741171
0.00240777532756110
0.00327473128404647
0.00244682341315338
0.00333292166160812
0.00248261898418257
0.00336018422725171
0.00251752652543537
0.00336150257165086
0.00255575393336904
0.00334584159765350
0.00260193839159381
0.00332399571415908
0.00265953953436315
0.00330605483181572
0.00272948952656974
0.00329912894708465
0.00280951920502450
0.00330591545914882
0.00289441004653627
0.00332446522044085
0.00297715886638795
0.00334917003804353
0.00305076638949532
0.00337265447625309
0.00311016057820544
0.00338800921254054
0.00315370661657345
0.00339072466857276
0.00318385860424719
0.00337979473203782
0.00320674312483503
0.00335772616464976
0.00323076210368829
0.00332952768226894
0.00326457569628019
0.00330105958461132
0.00331499899731737
0.00327730604279577
0.00338537240613663
0.00326113231454637
0.00347483720004990
0.00325290857985860
0.00357869754868935
0.00325107741502884
0.00368974289221085
0.00325341036266218
0.00380012529784831
0.00325845032518235
0.00390322074376812
0.00326655916336482
0.00399491238668852
0.00328012075620650
0.00407392900670300
0.00330275620963475
0.00414119993626731
0.00333779103834266
0.00419853963978704
0.00338653662663197
0.00424721989122773
0.00344708087869004
0.00428702405092104
0.00351415543480711
0.00431618107994280
0.00358028267471408
0.00433221522513046
0.00363792375293888
0.00433336032312979
0.00368192587624091
0.00431993010991077
0.00371137255381240
0.00429501330315280
0.00373006896333622
0.00426408744690358
0.00374532228643943
0.00423353527161400
0.00376526462313216
0.00420845795924545
0.00379550730392409
0.00419046426708424
0.00383621226014958
0.00417617589363973
0.00388060354783530
0.00415701008746070
0.00391553097987217
0.00412044102644116
0.00392407100619640
0.00405251530113595
0.00388951438759201
0.00394103186472484
0.00379965351452847
0.00377859789008000
0.00365018192052970
0.00356479282227963
0.00344627819455924
0.00330690331021909
0.00320197299731084
0.00301906200634097
0.00293751815867509
0.00272002529366309
0.00267549888009539
0.00243014451312983
0.00243670594039711
0.00216823650466707
0.00223675429359486
0.00194901130119711
0.00208413658647795
0.00178149971415847
0.00197995160485834
0.00166862321394403
0.00191909819363612
0.00160776421866957
0.00189240643812146
0.00159201076660838
0.00188906308742909
0.00161170360793339
0.00189877493533256
0.00165598796885883
0.00191333395625004
0.00171420519944652
0.00192749924120166
0.00177707644458435
0.00193929818229843
0.00183767763185242
0.00194992002190959
0.00189217328296899
0.00196333379965024
0.00194020340035469
0.00198566410214820
0.00198476670491954
0.00202427689411237
0.00203147161572760
0.00208652455895544
0.00208715312976217
0.00217819268040806
0.00215804845092300
0.00230184947893134
0.00224791610896801
0.00245545366022361
0.00235659048611008
0.00263165045427952
0.00247942735779992
0.00281812413773685
0.00260790585273444
0.00299916900512182
0.00273135247481630
0.00315833224713850
0.00283942867375894
0.00328165530040210
0.00292477313235311
0.00336079550209064
0.00298509358491060
0.00339523408378594
0.00302409820522208
0.00339291451542637
0.00305092739065780
0.00336899208050956
0.00307812747482385
0.00334283511317693
0.00311860010723463
0.00333387987814949
0.00318225866418110
0.00335727218433133
0.00327324008470483
0.00342032570586977
0.00338841537431375
0.00352065020002671
0.00351763238659547
0.00364639490028631
0.00364568717489236
0.00377852844241671
0.00375557302998225
0.00389458838266966
0.00383222481545150
0.00397301780405399
0.00386585441061938
0.00399713984693008
0.00385409241442345
0.00395799582344791
0.00380247040937765
0.00385560827672888
0.00372319848615886
0.00369861067746285
0.00363259372205740
0.00350250478710052
0.00354779396639143
0.00328700384789042
0.00348349137024908
0.00307298645045691
0.00344934108243878
0.00287955182934903
0.00344848763557462
0.00272157436266136
0.00347737479950722
0.00260803670907540
0.00352673648577904
0.00254129529852088
0.00358346368819338
0.00251730619578303
0.00363293642403334
0.00252671931085845
0.00366140183847970
0.00255664353695484
0.00365804666153264
0.00259280617947359
0.00361651701708294
0.00262178709552107
0.00353574584723866
0.00263300704899878
0.00342003764462695
0.00262019199930341
0.00327843137591020
0.00258211752079144
0.00312342859341159
0.00252255285914445
0.00296924764356469
0.00244945808509536
0.00282984600884742
0.00237361813090558
0.00271702246273601
0.00230699626613318
0.00263893851503095
0.00226113023670649
0.00259935640422553
0.00224586096291242
0.00259776684502268
0.00226857866905339
0.00263038705016076
0.00233401763393372
0.00269178722096341
0.00244446862048450
0.00277671002377048
0.00260015590330769
0.00288154709045851
0.00279948738835374
0.00300498132862287
0.00303895570302225
0.00314751135664821
0.00331263654871884
0.00330990978740781
0.00361145070920916
0.00349103983752012
0.00392255010624199
0.00368573917395775
0.00422927209661929
0.00388355843686946
0.00451202363288000
0.00406895611771959
0.00475020982128920
0.00422313733058367
0.00492497938171970
0.00432720970249445
0.00502223998176628
0.00436589174961765
0.00503522048980298
0.00433080354645673
0.00496589988306338
0.00422246798595876
0.00482488064130769
0.00405051337157024
0.00462967718179378
0.00383206271319421
0.00440179141959780
0.00358875536974591
0.00416323529105484
0.00334313684225755
0.00393325710210873
0.00311521252657752
0.00372592388329060
0.00291981488265142
0.00354895505933431
0.00276516291256870
0.00340387967200680
0.00265269689653403
0.00328729231621799
0.00257802842245910
0.00319278409515720
0.00253269481001786
0.00311306020723188
0.00250634867686716
0.00304181985663371
0.00248902408940824
0.00297512601982417
0.00247316999668898
0.00291217034083726
0.00245520459117436
0.00285547995732215
0.00243640701529559
0.00281067706075487
0.00242302247618262
0.00278588267529197
0.00242551870844200
0.00279078575202742
0.00245700629869691
0.00283533542756311
0.00253093387270025
0.00292801832122211
0.00265829666112022
0.00307378775389985
0.00284474346263645
0.00327190318699313
0.00308810006195537
0.00351414846562282
0.00337689321233049
0.00378402485372088
0.00369039903170546
0.00405746299375274
0.00400051565734416
0.00430532299299883
0.00427538597753677
0.00449749648223549
0.00448425125278919
0.00460791869597009
0.00460263049190989
0.00461941989116622
0.00461673123058542
0.00452725000243120
0.00452609362722218
0.00434036430206871
0.00434384784088151
0.00408010049669618
0.00409452088637731
0.00377653900448749
0.00380989555466463
0.00346340353708555
0.00352383212950020
0.00317265442135592
0.00326710831233768
0.00292988439720285
0.00306320637414212
0.00275130161355843
0.00292566026107589
0.00264262067331757
0.00285719442593523
0.00259974257281713
0.00285055313327836
0.00261080367990071
0.00289069293559022
0.00265904631868619
0.00295788981780061
0.00272597050141762
0.00303125765331453
0.00279429815072588
0.00309215062564374
0.00285036394296401
0.00312692625304721
0.00288562932388656
0.00312860937340939
0.00289712342945043
0.00309716084331491
0.00288677670612111
0.00303832716190431
0.00285982958062437
0.00296138122959333
0.00282272227068995
0.00287636052189664
0.00278102274005939
0.00279155367057252
0.00273795353028567
0.00271190607419548
0.00269390777951536
0.00263871728631982
0.00264704218822737
0.00257058282845588
0.00259469949618758
0.00250513909937113
0.00253516201799407
0.00244094296148577
0.00246915597355426
0.00237883204182986
0.00240063271599492
0.00232234713688723
0.00233659668763789
0.00227715112569856
0.00228603698194479
0.00224971091346824
0.00225825438363824
0.00224570500085483
0.00226099834334519
0.00226863100472525
0.00229882826030743
0.00231894383892905
0.00237202122592606
0.00239383900493255
0.00247621105794045
0.00248759997892004
0.00260280068186873
0.00259231762331668
0.00274006264999735
0.00269877645386435
0.00287473711678539
0.00279735699673698
0.00299385698422805
0.00287887578552309
0.00308648773327497
0.00293533447989685
0.00314508256879019
0.00296056347566218
0.00316623437089399
0.00295073577620813
0.00315074696907579
0.00290471791336208
0.00310311508827692
0.00282423355211055
0.00303064163727824
0.00271384123838160
0.00294248109362709
0.00258075342947575
0.00284885235223876
0.00243452866327417
0.00276052785384497
0.00228664320496135
0.00268853080779272
0.00214990377855518
0.00264383061237355
0.00203762738834432
0.00263678051428387
0.00196252004783546
0.00267611891554103
0.00193525257530578
0.00276753802502496
0.00196285190058271
0.00291205162311784
0.00204716618603450
0.00310458742949492
0.00218376881060056
0.00333331357827980
0.00236168657930439
0.00358013605739895
0.00256423744597582
0.00382257180299366
0.00277104395446211
0.00403685652722953
0.00296099375612491
0.00420177504587831
0.00311562655020418
0.00430241472905186
0.00322223146961574
0.00433294174896797
0.00327591951469265
0.00429764490385756
0.00328012579639434
0.00420987280422667
0.00324536414456928
0.00408901823429335
0.00318650575266485
0.00395622982503411
0.00311924954893683
0.00382989199048465
0.00305666705403875
0.00372198725121359
0.00300666453001348
0.00363620720996729
0.00297092044518279
0.00356818202347315
0.00294542078750327
0.00350760945651955
0.00292227338962176
0.00344156908811408
0.00289217691215724
0.00335805403204117
0.00284683649910400
0.00324880288019975
0.00278075738559408
0.00311082506315106
0.00269213194590803
0.00294645830085263
0.00258284554707604
0.00276222184135713
0.00245785286162545
0.00256700570727301
0.00232426126887251
0.00237020443925346
0.00219040964559226
0.00218028256563433
0.00206510653214696
0.00200402510593153
0.00195706263422633
0.00184647662475129
0.00187446943503120
0.00171138522013540
0.00182465096863900
0.00160188035533397
0.00181373007703301
0.00152111890824806
0.00184627375365298
0.00147269716984579
0.00192489639467623
0.00146070740983962
0.00204980870201642
0.00148938981268172
0.00221832201702370
0.00156238998417304
0.00242436780061051
0.00168169153138132
0.00265816414733305
0.00184636712866933
0.00290622542458721
0.00205138047845638
0.00315192489487090
0.00228675284506604
0.00337675126259320
0.00253743920315927
0.00356224689101558
0.00278419613188972
0.00369241396127897
0.00300554415287111
0.00375618792810121
0.00318065169992230
0.00374947146513038
0.00329266493937655
0.00367624113179243
0.00333177790409943
0.00354838997827883
0.00329727854395622
0.00338421976285202
0.00319797154025292
0.00320578582499242
0.00305074696003904
0.00303555493641722
0.00287753693088708
0.00289299810921392
0.00270133487644613
0.00279176484265073
0.00254220231628685
0.00273796292183390
0.00241417367943016
0.00272982487362585
0.00232369711806762
0.00275873720973741
0.00226981306167560
0.00281131976049308
0.00224581633655153
0.00287204575085233
0.00224181167182510
0.00292583832708848
0.00224744241079157
0.00296017113752370
0.00225415656508653
0.00296639739522758
0.00225661103470706
0.00294026039297836
0.00225310419071119
0.00288172286935586
0.00224517317007693
0.00279434388829578
0.00223663590671993
0.00268442453931725
0.00223238925165893
0.00256007261448470
0.00223722404234491
0.00243025538955397
0.00225483349129970
0.00230386377985881
0.00228711315166930
0.00218881599126120
0.00233379675360779
0.00209126680015165
0.00239243725164738
0.00201502312586652
0.00245871041317873
0.00196126465386880
0.00252697808887823
0.00192861951988857
0.00259100393330571
0.00191356667812343
0.00264468371264959
0.00191106292804420
0.00268265588829801
0.00191525599784403
0.00270070434156388
0.00192015882942988
0.00269594166760259
0.00192021252964544
0.00266683828148277
0.00191072708754320
0.00261320501736496
0.00188822909760130
0.00253622306425305
0.00185074755674210
0.00243854794913958
0.00179803686078362
0.00232442250278120
0.00173169261371184
0.00219966044029628
0.00165508866026162
0.00207134663394202
0.00157307253218666
0.00194716022795664
0.00149140348802401
0.00183434942896858
0.00141598653525854
0.00173853080639495
0.00135202055628530
0.00166259594980081
0.00130321355843071
0.00160603610381469
0.00127121015606905
0.00156491979087789
0.00125533013358957
0.00153259619384798
0.00125265110291418
0.00150099901915766
0.00125840628616084
0.00146225840197753
0.00126662720482678
0.00141024901221440
0.00127094397992216
0.00134173544402788
0.00126545403136616
0.00125690433313943
0.00124556978675372
0.00115924637535327
0.00120874984172448
0.00105490897630312
0.00115500974649459
0.000951733579072819
0.00108711173234615
0.000858203200305690
0.00101036156074628
0.000782470696243476
0.000932000133567486
0.000731553700248968
0.000860257405408293
0.000710708194652250
0.000803213928977706
0.000722956198845233
0.000767665380466412
0.000768749389533392
0.000758189941944487
0.000845784996727130
0.000776574970846225
0.000949027502636812
0.000821681160033451
0.00107100473299458
0.000889732537188340
0.00120242560543237
0.000974943533624401
0.00133311015861252
0.00107034753330352
0.00145314588969698
0.00116868089220991
0.00155411157886722
0.00126319670122788
0.00163016433151158