66.72	0.00021835049945655
33.36	0.0008734019978262
22.24	0.00196515449510895
16.68	0.0034936079913048
13.344	0.00545876248641375
11.12	0.0078606179804358
9.53142857142857	0.0106991744733709
8.34	0.0139744319652192
7.41333333333333	0.0176863904559805
6.672	0.021835049945655
6.06545454545455	0.0264204104342425
5.56	0.0314424719217432
5.13230769230769	0.0369012344081569
4.76571428571429	0.0427966978934838
4.448	0.0491288623777237
4.17	0.0558977278608768
3.92470588235294	0.0631032943429429
3.70666666666667	0.0707455618239222
3.51157894736842	0.0788245303038145
3.336	0.08734019978262
3.17714285714286	0.0962925702603385
3.03272727272727	0.10568164173697
2.90086956521739	0.115507414212515
2.78	0.125769887686973
2.6688	0.136469062160344
2.56615384615385	0.147604937632628
2.47111111111111	0.159177514103825
2.38285714285714	0.171186791573935
2.30068965517241	0.183632770042958
2.224	0.196515449510895
2.15225806451613	0.209834829977744
2.085	0.223590911443507
2.02181818181818	0.237783693908183
1.96235294117647	0.252413177371772
1.90628571428571	0.267479361834274
1.85333333333333	0.282982247295689
1.80324324324324	0.298921833756017
1.75578947368421	0.315298121215258
1.71076923076923	0.332111109673412
1.668	0.34936079913048
1.62731707317073	0.36704718958646
1.58857142857143	0.385170281041354
1.55162790697674	0.403730073495161
1.51636363636364	0.422726566947881
1.48266666666667	0.442159761399513
1.4504347826087	0.46202965685006
1.41957446808511	0.482336253299519
1.39	0.503079550747891
1.36163265306122	0.524259549195176
1.3344	0.545876248641375
1.30823529411765	0.567929649086486
1.28307692307692	0.590419750530511
1.2588679245283	0.613346552973449
1.23555555555556	0.6367100564153
1.21309090909091	0.660510260856064
1.19142857142857	0.679856115107914
1.17052631578947	0.691996402877698
1.15034482758621	0.704136690647482
1.13084745762712	0.716276978417266
1.112	0.72841726618705
1.09377049180328	0.740557553956835
1.07612903225806	0.752697841726619
1.05904761904762	0.764838129496403
1.0425	0.776978417266187
1.02646153846154	0.789118705035971
1.01090909090909	0.801258992805756
0.995820895522388	0.81339928057554
0.981176470588235	0.825539568345324
0.96695652173913	0.837679856115108
0.953142857142857	0.849820143884892
0.939718309859155	0.861960431654677
0.926666666666667	0.874100719424461
0.913972602739726	0.886241007194245
0.901621621621622	0.898381294964029
0.8896	0.910521582733813
0.877894736842105	0.922661870503597
0.866493506493507	0.934802158273381
0.855384615384615	0.946942446043166
0.844556962025316	0.95908273381295
0.834	0.971223021582734
0.823703703703704	0.983363309352518
0.813658536585366	0.995503597122302
0.803855421686747	1.00764388489209
0.794285714285714	1.01978417266187
0.784941176470588	1.03192446043166
0.775813953488372	1.04406474820144
0.766896551724138	1.05620503597122
0.758181818181818	1.06834532374101
0.749662921348315	1.08048561151079
0.741333333333333	1.09262589928058
0.733186813186813	1.10476618705036
0.725217391304348	1.11690647482014
0.71741935483871	1.12904676258993
0.709787234042553	1.14118705035971
0.702315789473684	1.1533273381295
0.695	1.16546762589928
0.687835051546392	1.17760791366906
0.680816326530612	1.18974820143885
0.673939393939394	1.20188848920863
0.6672	1.21402877697842
0.660594059405941	1.2261690647482
0.654117647058824	1.23830935251799
0.647766990291262	1.25044964028777
0.641538461538462	1.26258992805755
0.635428571428571	1.27473021582734
0.629433962264151	1.28687050359712
0.623551401869159	1.29901079136691
0.617777777777778	1.31115107913669
0.612110091743119	1.32329136690648
0.606545454545454	1.33543165467626
0.601081081081081	1.34757194244604
0.595714285714286	1.35971223021583
0.590442477876106	1.37185251798561
0.585263157894737	1.3839928057554
0.580173913043478	1.39613309352518
0.575172413793103	1.40827338129496
0.57025641025641	1.42041366906475
0.565423728813559	1.43255395683453
0.560672268907563	1.44469424460432
0.556	1.4568345323741
0.551404958677686	1.46897482014389
0.546885245901639	1.48111510791367
0.542439024390244	1.49325539568345
0.538064516129032	1.50539568345324
0.53376	1.51753597122302
0.52952380952381	1.52967625899281
0.525354330708661	1.54181654676259
0.52125	1.55395683453237
0.517209302325581	1.56609712230216
0.513230769230769	1.57823741007194
0.509312977099237	1.59037769784173
0.505454545454545	1.60251798561151
0.501654135338346	1.6146582733813
0.497910447761194	1.62679856115108
0.494222222222222	1.63893884892086
0.490588235294118	1.65107913669065
0.487007299270073	1.66321942446043
0.483478260869565	1.67535971223022
0.48	1.6875
0.476571428571429	1.69964028776978
0.473191489361702	1.71178057553957
0.469859154929577	1.72392086330935
0.466573426573427	1.73606115107914
0.463333333333333	1.74820143884892
0.460137931034483	1.76034172661871
0.456986301369863	1.77248201438849
0.453877551020408	1.78462230215827
0.450810810810811	1.79676258992806
0.447785234899329	1.80890287769784
0.4448	1.82104316546763
0.441854304635762	1.83318345323741
0.438947368421053	1.84532374100719
0.436078431372549	1.85746402877698
0.433246753246753	1.86960431654676
0.430451612903226	1.88174460431655
0.427692307692308	1.89388489208633
0.424968152866242	1.90602517985612
0.422278481012658	1.9181654676259
0.419622641509434	1.93030575539568
0.417	1.94244604316547
0.414409937888199	1.95458633093525
0.411851851851852	1.96672661870504
0.409325153374233	1.97886690647482
0.406829268292683	1.9910071942446
0.404363636363636	2.00314748201439
0.401927710843373	2.01528776978417
0.399520958083832	2.02742805755396
0.397142857142857	2.03956834532374
0.394792899408284	2.05170863309353
0.392470588235294	2.06384892086331
0.390175438596491	2.07598920863309
0.387906976744186	2.08812949640288
0.385664739884393	2.10026978417266
0.383448275862069	2.11241007194245
0.381257142857143	2.12455035971223
0.379090909090909	2.13669064748201
0.376949152542373	2.1488309352518
0.374831460674157	2.16097122302158
0.372737430167598	2.17311151079137
0.370666666666667	2.18525179856115
0.368618784530387	2.19739208633094
0.366593406593407	2.20953237410072
0.364590163934426	2.2216726618705
0.362608695652174	2.23381294964029
0.360648648648649	2.24595323741007
0.358709677419355	2.25809352517986
0.356791443850267	2.27023381294964
0.354893617021277	2.28237410071943
0.353015873015873	2.29451438848921
0.351157894736842	2.30665467625899
0.349319371727749	2.31879496402878
0.3475	2.33093525179856
0.345699481865285	2.34307553956835
0.343917525773196	2.35521582733813
0.342153846153846	2.36735611510791
0.340408163265306	2.3794964028777
0.338680203045685	2.39163669064748
0.336969696969697	2.40377697841727
0.335276381909548	2.41591726618705
0.3336	2.42805755395683
0.331940298507463	2.44019784172662
0.33029702970297	2.4523381294964
0.328669950738916	2.46447841726619
0.327058823529412	2.47661870503597
0.325463414634146	2.48875899280576
0.323883495145631	2.50089928057554
0.32231884057971	2.51303956834532
0.320769230769231	2.52517985611511
0.319234449760766	2.53732014388489
0.317714285714286	2.54946043165468
0.316208530805687	2.56160071942446
0.314716981132075	2.57374100719425
0.313239436619718	2.58588129496403
0.311775700934579	2.59802158273381
0.310325581395349	2.6101618705036
0.308888888888889	2.62230215827338
0.307465437788018	2.63444244604317
0.30605504587156	2.64658273381295
0.304657534246575	2.65872302158273
0.303272727272727	2.67086330935252
0.301900452488688	2.6830035971223
0.300540540540541	2.69514388489209
0.299192825112108	2.7
0.297857142857143	2.7
0.296533333333333	2.7
0.295221238938053	2.7
0.293920704845815	2.7
0.292631578947368	2.7
0.291353711790393	2.7
0.290086956521739	2.7
0.288831168831169	2.7
0.287586206896552	2.7
0.286351931330472	2.7
0.285128205128205	2.7
0.283914893617021	2.7
0.28271186440678	2.7
0.281518987341772	2.7
0.280336134453782	2.7
0.279163179916318	2.7
0.278	2.7
0.276846473029046	2.7
0.275702479338843	2.7
0.274567901234568	2.7
0.27344262295082	2.7
0.272326530612245	2.7
0.271219512195122	2.7
0.270121457489879	2.7
0.269032258064516	2.7
0.267951807228916	2.7
0.26688	2.7
0.265816733067729	2.7
0.264761904761905	2.7
0.263715415019763	2.7
0.262677165354331	2.7
0.261647058823529	2.7
0.260625	2.7
0.259610894941634	2.7
0.258604651162791	2.7
0.257606177606178	2.7
0.256615384615385	2.7
0.255632183908046	2.7
0.254656488549618	2.7
0.253688212927757	2.7
0.252727272727273	2.7
0.25177358490566	2.7
0.250827067669173	2.7
0.249887640449438	2.7
0.248955223880597	2.7
0.248029739776952	2.7
0.247111111111111	2.7
0.24619926199262	2.7
0.245294117647059	2.7
0.244395604395604	2.7
0.243503649635037	2.7
0.242618181818182	2.7
0.241739130434783	2.7
0.24086642599278	2.7
0.24	2.7
0.239139784946237	2.7
0.238285714285714	2.7
0.237437722419929	2.7
0.236595744680851	2.7
0.235759717314488	2.7
0.234929577464789	2.7
0.234105263157895	2.7
0.233286713286713	2.7
0.232473867595819	2.7
0.231666666666667	2.7
0.230865051903114	2.7
0.230068965517241	2.7
0.229278350515464	2.7
0.228493150684931	2.7
0.227713310580205	2.7
0.226938775510204	2.7
0.226169491525424	2.7
0.225405405405405	2.7
0.224646464646465	2.7
0.223892617449664	2.7
0.22314381270903	2.7
0.2224	2.7
0.221661129568106	2.7
0.220927152317881	2.7
0.22019801980198	2.7
0.219473684210526	2.7
0.218754098360656	2.7
0.218039215686274	2.7
0.217328990228013	2.7
0.216623376623377	2.7
0.215922330097087	2.7
0.215225806451613	2.7
0.214533762057878	2.7
0.213846153846154	2.7
0.213162939297125	2.7
0.212484076433121	2.7
0.211809523809524	2.7
0.211139240506329	2.7
0.210473186119874	2.7
0.209811320754717	2.7
0.209153605015674	2.7
0.2085	2.7
0.20785046728972	2.7
0.207204968944099	2.7
0.20656346749226	2.7
0.205925925925926	2.7
0.205292307692308	2.7
0.204662576687117	2.7
0.204036697247706	2.7
0.203414634146341	2.7
0.202796352583587	2.7
0.202181818181818	2.7
0.201570996978852	2.7
0.200963855421687	2.7
0.20036036036036	2.7
0.199760479041916	2.7
0.199164179104478	2.7
0.198571428571429	2.7
0.197982195845697	2.7
0.197396449704142	2.7
0.196814159292035	2.7
0.196235294117647	2.7
0.195659824046921	2.7
0.195087719298246	2.7
0.194518950437318	2.7
0.193953488372093	2.7
0.193391304347826	2.7
0.192832369942197	2.7
0.192276657060519	2.7
0.191724137931034	2.7
0.191174785100287	2.7
0.190628571428571	2.7
0.19008547008547	2.7
0.189545454545455	2.7
0.189008498583569	2.7
0.188474576271186	2.7
0.187943661971831	2.7
0.187415730337079	2.7
0.186890756302521	2.7
0.186368715083799	2.7
0.185849582172702	2.7
0.185333333333333	2.7
0.184819944598338	2.7
0.184309392265193	2.7
0.183801652892562	2.7
0.183296703296703	2.7
0.182794520547945	2.7
0.182295081967213	2.7
0.181798365122616	2.7
0.181304347826087	2.7
0.180813008130081	2.7
0.180324324324324	2.7
0.179838274932615	2.7
0.179354838709677	2.7
0.17887399463807	2.7
0.178395721925134	2.7
0.17792	2.7
0.177446808510638	2.7
0.176976127320955	2.7
0.176507936507937	2.7
0.176042216358839	2.7
0.175578947368421	2.7
0.17511811023622	2.7
0.174659685863874	2.7
0.17420365535248	2.7
0.17375	2.7
0.173298701298701	2.7
0.172849740932642	2.7
0.172403100775194	2.7
0.171958762886598	2.7
0.171516709511568	2.7
0.171076923076923	2.7
0.170639386189258	2.7
0.170204081632653	2.7
0.169770992366412	2.7
0.169340101522843	2.7
0.168911392405063	2.7
0.168484848484848	2.7
0.168060453400504	2.7
0.167638190954774	2.7
0.167218045112782	2.7
0.1668	2.7
0.166384039900249	2.7
0.165970149253731	2.7
0.165558312655087	2.7
0.165148514851485	2.7
0.164740740740741	2.7
0.164334975369458	2.7
0.163931203931204	2.7
0.163529411764706	2.7
0.163129584352078	2.7
0.162731707317073	2.7
0.162335766423358	2.7
0.161941747572816	2.7
0.161549636803874	2.7
0.161159420289855	2.7
0.160771084337349	2.7
0.160384615384615	2.7
0.16	2.7
0.159617224880383	2.7
0.159236276849642	2.7
0.158857142857143	2.7
0.158479809976247	2.7
0.158104265402844	2.7
0.157730496453901	2.7
0.157358490566038	2.7
0.156988235294118	2.7
0.156619718309859	2.7
0.156252927400468	2.7
0.15588785046729	2.7
0.155524475524476	2.7
0.155162790697674	2.7
0.154802784222738	2.7
0.154444444444444	2.7
0.154087759815242	2.7
0.153732718894009	2.7
0.153379310344828	2.7
0.15302752293578	2.7
0.152677345537757	2.7
0.152328767123288	2.7
0.151981776765376	2.7
0.151636363636364	2.7
0.151292517006803	2.7
0.150950226244344	2.7
0.150609480812641	2.7
0.15027027027027	2.7
0.149932584269663	2.7
0.149596412556054	2.7
0.149261744966443	2.7
0.148928571428571	2.7
0.148596881959911	2.7
0.148266666666667	2.7
0.147937915742794	2.7
0.147610619469027	2.7
0.147284768211921	2.7
0.146960352422908	2.7
0.146637362637363	2.7
0.146315789473684	2.7
0.145995623632385	2.7
0.145676855895196	2.7
0.145359477124183	2.7
0.14504347826087	2.7
0.14472885032538	2.7
0.144415584415584	2.7
0.144103671706264	2.7
0.143793103448276	2.7
0.143483870967742	2.7
0.143175965665236	2.7
0.142869379014989	2.7
0.142564102564103	2.7
0.14226012793177	2.7
0.141957446808511	2.7
0.141656050955414	2.7
0.14135593220339	2.7
0.141057082452431	2.7
0.140759493670886	2.7
0.140463157894737	2.7
0.140168067226891	2.7
0.139874213836478	2.7
0.139581589958159	2.7
0.13929018789144	2.7
0.139	2.7
0.138711018711019	2.7
0.138423236514523	2.7
0.138136645962733	2.7
0.137851239669421	2.7
0.137567010309278	2.7
0.137283950617284	2.7
0.13700205338809	2.7
0.13672131147541	2.7
0.136441717791411	2.7
0.136163265306122	2.7
0.135885947046843	2.7
0.135609756097561	2.7
0.135334685598377	2.7
0.135060728744939	2.7
0.134787878787879	2.7
0.134516129032258	2.7
0.134245472837022	2.7
0.133975903614458	2.7
0.133707414829659	2.7
0.13344	2.7
0.133173652694611	2.7
0.132908366533865	2.7
0.132644135188867	2.7
0.132380952380952	2.7
0.132118811881188	2.7
0.131857707509881	2.7
0.131597633136095	2.7
0.131338582677165	2.7
0.131080550098232	2.7
0.130823529411765	2.7
0.130567514677104	2.7
0.1303125	2.7
0.130058479532164	2.7
0.129805447470817	2.7
0.129553398058252	2.7
0.129302325581395	2.7
0.129052224371373	2.7
0.128803088803089	2.7
0.128554913294798	2.7
0.128307692307692	2.7
0.128061420345489	2.7
0.127816091954023	2.7
0.127571701720841	2.7
0.127328244274809	2.7
0.127085714285714	2.7
0.126844106463878	2.7
0.126603415559772	2.7
0.126363636363636	2.7
0.126124763705104	2.7
0.12588679245283	2.7
0.125649717514124	2.7
0.125413533834586	2.7
0.125178236397749	2.7
0.124943820224719	2.7
0.124710280373832	2.7
0.124477611940299	2.7
0.124245810055866	2.7
0.124014869888476	2.7
0.123784786641929	2.7
0.123555555555556	2.7
0.123327171903882	2.7
0.12309963099631	2.7
0.122872928176796	2.7
0.122647058823529	2.7
0.122422018348624	2.7
0.122197802197802	2.7
0.121974405850091	2.7
0.121751824817518	2.7
0.121530054644809	2.7
0.121309090909091	2.7
0.121088929219601	2.7
0.120869565217391	2.7
0.120650994575045	2.7
0.12043321299639	2.7
0.120216216216216	2.7
0.12	2.7
0.119784560143627	2.7
0.119569892473118	2.7
0.119355992844365	2.7
0.119142857142857	2.7
0.118930481283422	2.7
0.118718861209964	2.7
0.118507992895204	2.7
0.118297872340426	2.7
0.118088495575221	2.7
0.117879858657244	2.7
0.117671957671958	2.7
0.117464788732394	2.7
0.11725834797891	2.7
0.117052631578947	2.7
0.116847635726795	2.7
0.116643356643357	2.7
0.116439790575916	2.7
0.116236933797909	2.7
0.116034782608696	2.7
0.115833333333333	2.7
0.115632582322357	2.7
0.115432525951557	2.7
0.115233160621762	2.7
0.115034482758621	2.7
0.114836488812392	2.7
0.114639175257732	2.7
0.114442538593482	2.7
0.114246575342466	2.7
0.114051282051282	2.7
0.113856655290102	2.7
0.11366269165247	2.7
0.113469387755102	2.7
0.113276740237691	2.7
0.113084745762712	2.7
0.112893401015228	2.7
0.112702702702703	2.7
0.112512647554806	2.7
0.112323232323232	2.7
0.112134453781513	2.7
0.111946308724832	2.7
0.111758793969849	2.7
0.111571906354515	2.7
0.111385642737897	2.7
0.1112	2.7
0.111014975041597	2.7
0.110830564784053	2.7
0.110646766169154	2.7
0.11046357615894	2.7
0.110280991735537	2.7
0.11009900990099	2.7
0.1099176276771	2.7
0.109736842105263	2.7
0.109556650246305	2.7
0.109377049180328	2.7
0.109198036006547	2.7
0.109019607843137	2.7
0.10884176182708	2.7
0.108664495114007	2.7
0.108487804878049	2.7
0.108311688311688	2.7
0.108136142625608	2.7
0.107961165048544	2.7
0.107786752827141	2.7
0.107612903225806	2.7
0.10743961352657	2.7
0.107266881028939	2.7
0.107094703049759	2.7
0.106923076923077	2.7
0.106752	2.7
0.106581469648562	2.7
0.106411483253589	2.7
0.106242038216561	2.7
0.106073131955485	2.7
0.105904761904762	2.7
0.105736925515055	2.7
0.105569620253165	2.7
0.105402843601896	2.7
0.105236593059937	2.7
0.105070866141732	2.7
0.104905660377358	2.7
0.104740973312402	2.7
0.104576802507837	2.7
0.104413145539906	2.7
0.10425	2.7
0.10408736349454	2.7
0.10392523364486	2.7
0.103763608087092	2.7
0.10360248447205	2.7
0.103441860465116	2.7
0.10328173374613	2.7
0.103122102009274	2.7
0.102962962962963	2.7
0.102804314329738	2.7
0.102646153846154	2.7
0.102488479262673	2.7
0.102331288343558	2.7
0.102174578866769	2.7
0.102018348623853	2.7
0.101862595419847	2.7
0.101707317073171	2.7
0.101552511415525	2.7
0.101398176291793	2.7
0.101244309559939	2.7
0.101090909090909	2.7
0.100937972768533	2.7
0.100785498489426	2.7
0.100633484162896	2.7
0.100481927710843	2.7
0.100330827067669	2.7
0.10018018018018	2.7
0.100029985007496	2.7
0.0998802395209581	2.69805988023952
0.0997309417040359	2.69564125560538
0.0995820895522388	2.69322985074627
0.0994336810730253	2.69082563338301
0.0992857142857143	2.68842857142857
0.0991381872213967	2.68603863298663
0.0989910979228487	2.68365578635015
0.0988444444444444	2.68128
0.098698224852071	2.67891124260355
0.0985524372230428	2.67654948301329
0.0984070796460177	2.67419469026549
0.0982621502209131	2.67184683357879
0.0981176470588235	2.66950588235294
0.0979735682819383	2.6671718061674
0.0978299120234604	2.66484457478006
0.0976866764275256	2.66252415812592
0.0975438596491228	2.66021052631579
0.0974014598540146	2.65790364963504
0.0972594752186589	2.65560349854227
0.097117903930131	2.65331004366812
0.0969767441860465	2.65102325581395
0.0968359941944848	2.64874310595065
0.096695652173913	2.64646956521739
0.0965557163531114	2.64420260492041
0.0964161849710983	2.64194219653179
0.0962770562770563	2.63968831168831
0.0961383285302594	2.6374409221902
0.096	2.6352
0.0958620689655172	2.63296551724138
0.0957245337159254	2.63073744619799
0.0955873925501433	2.62851575931232
0.095450643776824	2.62630042918455
0.0953142857142857	2.62409142857143
0.0951783166904422	2.62188873038516
0.095042735042735	2.61969230769231
0.0949075391180654	2.61750213371266
0.0947727272727273	2.61531818181818
0.0946382978723404	2.61314042553192
0.0945042492917847	2.61096883852691
0.0943705799151344	2.60880339462518
0.0942372881355932	2.60664406779661
0.0941043723554302	2.60449083215797
0.0939718309859155	2.60234366197183
0.0938396624472574	2.60020253164557
0.0937078651685393	2.59806741573034
0.0935764375876578	2.59593828892006
0.0934453781512605	2.59381512605042
0.0933146853146853	2.5916979020979
0.0931843575418994	2.58958659217877
0.0930543933054393	2.58748117154812
0.092924791086351	2.58538161559889
0.0927955493741307	2.58328789986092
0.0926666666666667	2.5812
0.0925381414701803	2.57911789181692
0.092409972299169	2.57704155124654
0.0922821576763486	2.57497095435685
0.0921546961325967	2.57290607734807
0.0920275862068966	2.57084689655172
0.091900826446281	2.56879338842975
0.0917744154057772	2.56674552957359
0.0916483516483517	2.5647032967033
0.091522633744856	2.56266666666667
0.0913972602739726	2.56063561643836
0.0912722298221614	2.55861012311902
0.0911475409836066	2.55659016393443
0.0910231923601637	2.55457571623465
0.0908991825613079	2.55256675749319
0.0907755102040816	2.55056326530612
0.0906521739130435	2.5485652173913
0.0905291723202171	2.54657259158752
0.0904065040650407	2.54458536585366
0.0902841677943167	2.54260351826793
0.0901621621621622	2.54062702702703
0.0900404858299595	2.53865587044535
0.0899191374663073	2.53669002695418
0.0897981157469717	2.53472947510094
0.0896774193548387	2.53277419354839
0.0895570469798658	2.53082416107383
0.0894369973190349	2.52887935656836
0.0893172690763052	2.52693975903614
0.0891978609625668	2.52500534759358
0.0890787716955941	2.52307610146863
0.08896	2.521152
0.0888415446071904	2.51923302263649
0.0887234042553191	2.51731914893617
0.088605577689243	2.51541035856574
0.0884880636604775	2.51350663129974
0.0883708609271523	2.51160794701987
0.0882539682539683	2.50971428571429
0.0881373844121532	2.50782562747688
0.0880211081794195	2.5059419525066
0.0879051383399209	2.50406324110672
0.0877894736842105	2.50218947368421
0.0876741130091984	2.50032063074902
0.0875590551181102	2.49845669291339
0.0874442988204456	2.49659764089122
0.0873298429319372	2.49474345549738
0.0872156862745098	2.49289411764706
0.0871018276762402	2.49104960835509
0.0869882659713168	2.48920990873533
0.086875	2.487375
0.0867620286085826	2.48554486345904
0.0866493506493506	2.48371948051948
0.0865369649805448	2.48189883268483
0.0864248704663212	2.4800829015544
0.0863130659767141	2.47827166882277
0.0862015503875969	2.47646511627907
0.0860903225806452	2.47466322580645
0.085979381443299	2.47286597938144
0.0858687258687259	2.47107335907336
0.0857583547557841	2.4692853470437
0.0856482670089859	2.46750192554557
0.0855384615384615	2.46572307692308
0.0854289372599232	2.46394878361076
0.0853196930946291	2.46217902813299
0.0852107279693487	2.46041379310345
0.0851020408163265	2.45865306122449
0.0849936305732484	2.45689681528663
0.0848854961832061	2.45514503816794
0.0847776365946633	2.45339771283355
0.0846700507614213	2.45165482233503
0.0845627376425856	2.44991634980989
0.0844556962025317	2.44818227848101
0.0843489254108723	2.44645259165613
0.0842424242424242	2.44472727272727
0.0841361916771753	2.44300630517024
0.0840302267002519	2.44128967254408
0.0839245283018868	2.43957735849057
0.0838190954773869	2.43786934673367
0.0837139272271016	2.43616562107905
0.083609022556391	2.43446616541353
0.0835043804755945	2.43277096370463
0.0834	2.43108
0.0832958801498127	2.42939325842697
0.0831920199501247	2.42771072319202
0.0830884184308842	2.42603237858032
0.0829850746268657	2.42435820895522
0.0828819875776397	2.42268819875776
0.0827791563275434	2.4210223325062
0.0826765799256506	2.41936059479554
0.0825742574257426	2.41770297029703
0.0824721878862793	2.41604944375773
0.0823703703703704	2.4144
0.082268803945746	2.41275462392109
0.0821674876847291	2.41111330049261
0.0820664206642066	2.40947601476015
0.081965601965602	2.40784275184275
0.0818650306748466	2.40621349693252
0.0817647058823529	2.40458823529412
0.0816646266829865	2.40296695226438
0.0815647921760391	2.40134963325183
0.0814652014652015	2.39973626373626
0.0813658536585366	2.39812682926829
0.0812667478684531	2.39652131546894
0.0811678832116788	2.3949197080292
0.0810692588092345	2.3933219927096
0.0809708737864078	2.39172815533981
0.0808727272727273	2.39013818181818
0.080774818401937	2.38855205811138
0.080677146311971	2.38696977025393
0.0805797101449275	2.38539130434783
0.0804825090470446	2.38381664656212
0.0803855421686747	2.38224578313253
0.0802888086642599	2.38067870036101
0.0801923076923077	2.37911538461539
0.0800960384153661	2.37755582232893
0.08	2.376
0.0799041916167665	2.37444790419162
0.0798086124401914	2.3728995215311
0.0797132616487455	2.37135483870968
0.079618138424821	2.3698138424821
0.079523241954708	2.36827651966627
0.0794285714285714	2.36674285714286
0.0793341260404281	2.36521284185494
0.0792399049881235	2.3636864608076
0.0791459074733096	2.36216370106762
0.0790521327014218	2.36064454976303
0.0789585798816568	2.35912899408284
0.0788652482269504	2.3576170212766
0.0787721369539551	2.35610861865407
0.0786792452830189	2.35460377358491
0.0785865724381625	2.35310247349823
0.0784941176470588	2.35160470588235
0.0784018801410106	2.35011045828437
0.0783098591549296	2.34861971830986
0.0782180539273154	2.34713247362251
0.0781264637002342	2.34564871194379
0.0780350877192982	2.34416842105263
0.0779439252336449	2.34269158878505
0.077852975495916	2.34121820303384
0.0777622377622378	2.33974825174825
0.0776717112922002	2.33828172293364
0.0775813953488372	2.33681860465116
0.0774912891986063	2.33535888501742
0.0774013921113689	2.33390255220418
0.0773117033603708	2.33244959443801
0.0772222222222222	2.331
0.0771329479768786	2.32955375722543
0.0770438799076212	2.32811085450346
0.0769550173010381	2.32667128027682
0.0768663594470046	2.32523502304148
0.0767779056386651	2.32380207134638
0.0766896551724138	2.3223724137931
0.076601607347876	2.32094603903559
0.0765137614678899	2.31952293577982
0.076426116838488	2.31810309278351
0.0763386727688787	2.31668649885584
0.0762514285714286	2.31527314285714
0.0761643835616438	2.31386301369863
0.0760775370581528	2.31245610034208
0.0759908883826879	2.31105239179954
0.0759044368600683	2.30965187713311
0.0758181818181818	2.30825454545455
0.0757321225879682	2.30686038592509
0.0756462585034014	2.3054693877551
0.0755605889014723	2.30408154020385
0.0754751131221719	2.30269683257919
0.0753898305084746	2.30131525423729
0.0753047404063205	2.29993679458239
0.0752198421645998	2.29856144306652
0.0751351351351351	2.29718918918919
0.0750506186726659	2.29582002249719
0.0749662921348315	2.29445393258427
0.0748821548821549	2.29309090909091
0.0747982062780269	2.29173094170404
0.0747144456886898	2.29037402015678
0.0746308724832215	2.28902013422819
0.0745474860335195	2.28766927374302
0.0744642857142857	2.28632142857143
0.07438127090301	2.28497658862876
0.0742984409799555	2.28363474387528
0.0742157953281424	2.28229588431591
0.0741333333333333	2.28096
0.0740510543840178	2.27962708102109
0.0739689578713969	2.27829711751663
0.0738870431893688	2.27697009966777
0.0738053097345133	2.27564601769912
0.0737237569060773	2.27432486187845
0.0736423841059603	2.27300662251656
0.073561190738699	2.27169128996692
0.0734801762114538	2.27037885462555
0.0733993399339934	2.26906930693069
0.0733186813186813	2.26776263736264
0.073238199780461	2.26645883644347
0.0731578947368421	2.26515789473684
0.0730777656078861	2.26385980284776
0.0729978118161926	2.26256455142232
0.0729180327868852	2.26127213114754
0.0728384279475982	2.25998253275109
0.0727589967284624	2.25869574700109
0.0726797385620915	2.25741176470588
0.0726006528835691	2.25613057671382
0.0725217391304348	2.25485217391304
0.072442996742671	2.25357654723127
0.0723644251626898	2.25230368763558
0.0722860238353196	2.25103358613218
0.0722077922077922	2.24976623376623
0.0721297297297297	2.24850162162162
0.0720518358531318	2.24723974082073
0.0719741100323625	2.24598058252427
0.0718965517241379	2.24472413793104
0.0718191603875135	2.24347039827772
0.071741935483871	2.24221935483871
0.0716648764769065	2.24097099892589
0.071587982832618	2.23972532188841
0.0715112540192926	2.23848231511254
0.0714346895074947	2.23724197002141
0.0713582887700535	2.23600427807487
0.0712820512820513	2.23476923076923
0.0712059765208111	2.23353681963714
0.0711300639658849	2.23230703624734
0.0710543130990415	2.23107987220447
0.0709787234042553	2.22985531914894
0.0709032943676939	2.22863336875664
0.070828025477707	2.22741401273885
0.0707529162248144	2.22619724284199
0.0706779661016949	2.22498305084746
0.0706031746031746	2.22377142857143
0.0705285412262156	2.22256236786469
0.070454065469905	2.22135586061246
0.070379746835443	2.22015189873418
0.0703055848261328	2.21895047418335
0.0702315789473684	2.21775157894737
0.0701577287066246	2.21655520504732
0.0700840336134454	2.21536134453782
0.0700104931794334	2.21416998950682
0.069937106918239	2.21298113207547
0.0698638743455497	2.21179476439791
0.0697907949790795	2.21061087866109
0.069717868338558	2.20942946708464
0.0696450939457202	2.20825052192067
0.0695724713242961	2.2070740354536
0.0695	2.2059
0.0694276795005203	2.20472840790843
0.0693555093555094	2.20355925155925
0.0692834890965732	2.20239252336449
0.0692116182572614	2.20122821576764
0.069139896373057	2.20006632124352
0.0690683229813665	2.19890683229814
0.0689968976215098	2.19774974146846
0.0689256198347107	2.19659504132231
0.0688544891640867	2.1954427244582
0.0687835051546392	2.19429278350516
0.0687126673532441	2.19314521112255
0.068641975308642	2.192
0.0685714285714286	2.19085714285714
0.0685010266940452	2.18971663244353
0.0684307692307692	2.18857846153846
0.0683606557377049	2.18744262295082
0.0682906857727738	2.18630910951894
0.0682208588957055	2.18517791411043
0.0681511746680286	2.18404902962206
0.0680816326530612	2.18292244897959
0.0680122324159022	2.18179816513762
0.0679429735234216	2.18067617107943
0.0678738555442523	2.17955645981689
0.0678048780487805	2.17843902439024
0.0677360406091371	2.17732385786802
0.0676673427991887	2.17621095334686
0.0675987841945289	2.17510030395137
0.0675303643724696	2.17399190283401
0.0674620829120323	2.17288574317492
0.0673939393939394	2.17178181818182
0.0673259334006055	2.17068012108981
0.067258064516129	2.16958064516129
0.067190332326284	2.1684833836858
0.0671227364185111	2.16738832997988
0.0670552763819095	2.16629547738693
0.0669879518072289	2.16520481927711
0.0669207622868606	2.16411634904714
0.0668537074148297	2.16303006012024
0.0667867867867868	2.16194594594595
0.06672	2.160864
0.0666533466533467	2.15978421578422
0.0665868263473054	2.15870658682635
0.0665204386839481	2.15763110667996
0.0664541832669323	2.1565577689243
0.0663880597014925	2.15548656716418
0.0663220675944334	2.15441749502982
0.0662562065541211	2.15335054617676
0.0661904761904762	2.15228571428572
0.0661248761149653	2.15122299306244
0.0660594059405941	2.15016237623762
0.0659940652818991	2.14910385756677
0.0659288537549407	2.14804743083004
0.0658637709772952	2.14699308983218
0.0657988165680473	2.14594082840237
0.0657339901477833	2.14489064039409
0.0656692913385827	2.14384251968504
0.0656047197640118	2.14279646017699
0.0655402750491159	2.14175245579568
0.0654759568204122	2.14071050049068
0.0654117647058823	2.13967058823529
0.0653476983349657	2.13863271302644
0.0652837573385519	2.13759686888454
0.0652199413489736	2.13656304985337
0.06515625	2.13553125
0.0650926829268293	2.13450146341463
0.0650292397660819	2.13347368421053
0.0649659201557936	2.13244790652386
0.0649027237354086	2.13142412451362
0.0648396501457726	2.13040233236152
0.0647766990291262	2.12938252427185
0.064713870029098	2.12836469447139
0.0646511627906977	2.1273488372093
0.0645885769603098	2.12633494675702
0.0645261121856867	2.12532301740812
0.064463768115942	2.12431304347826
0.0644015444015444	2.12330501930502
0.0643394406943105	2.12229893924783
0.0642774566473988	2.12129479768786
0.0642155919153032	2.12029258902791
0.0641538461538461	2.11929230769231
0.0640922190201729	2.1182939481268
0.0640307101727447	2.11729750479847
0.0639693192713327	2.11630297219559
0.0639080459770115	2.11531034482759
0.0638468899521531	2.11431961722488
0.0637858508604206	2.11333078393881
0.0637249283667622	2.11234383954155
0.0636641221374046	2.11135877862595
0.0636034318398475	2.11037559580553
0.0635428571428572	2.10939428571429
0.0634823977164605	2.10841484300666
0.0634220532319392	2.10743726235741
0.0633618233618234	2.10646153846154
0.0633017077798861	2.10548766603416
0.0632417061611374	2.10451563981043
0.0631818181818182	2.10354545454546
0.0631220435193945	2.10257710501419
0.063062381852552	2.10161058601134
0.0630028328611898	2.10064589235128
0.0629433962264151	2.09968301886793
0.0628840716305372	2.0987219604147
0.0628248587570621	2.09776271186441
0.0627657572906867	2.09680526810913
0.0627067669172932	2.09584962406015
0.0626478873239437	2.09489577464789
0.0625891181988743	2.09394371482176
0.0625304592314902	2.09299343955014
0.0624719101123596	2.09204494382023
0.0624134705332086	2.09109822263798
0.0623551401869159	2.09015327102804
0.062296918767507	2.08921008403361
0.0622388059701493	2.08826865671642
0.0621808014911463	2.08732898415657
0.062122905027933	2.08639106145251
0.0620651162790698	2.08545488372093
0.0620074349442379	2.08452044609665
0.061949860724234	2.08358774373259
0.0618923933209647	2.08265677179963
0.0618350324374421	2.08172752548656
0.0617777777777778	2.0808
0.0617206290471785	2.07987419056429
0.0616635859519409	2.07895009242144
0.061606648199446	2.07802770083103
0.061549815498155	2.07710701107011
0.0614930875576037	2.07618801843318
0.0614364640883978	2.07527071823204
0.0613799448022079	2.07435510579577
0.0613235294117647	2.07344117647059
0.061267217630854	2.07252892561984
0.0612110091743119	2.07161834862385
0.0611549037580202	2.07070944087993
0.0610989010989011	2.0698021978022
0.0610430009149131	2.06889661482159
0.0609872029250457	2.06799268738574
0.0609315068493151	2.0670904109589
0.0608759124087591	2.0661897810219
0.060820419325433	2.06529079307202
0.0607650273224044	2.06439344262295
0.0607097361237489	2.06349772520473
0.0606545454545455	2.06260363636364
0.0605994550408719	2.06171117166213
0.0605444646098004	2.06082032667877
0.0604895738893926	2.05993109700816
0.0604347826086957	2.05904347826087
0.0603800904977376	2.05815746606335
0.0603254972875226	2.05727305605787
0.0602710027100271	2.05639024390244
0.0602166064981949	2.05550902527076
0.0601623083859333	2.05462939585212
0.0601081081081081	2.05375135135135
0.06005400540054	2.05287488748875
0.06	2.052
0.0599460916442048	2.05112668463612
0.0598922800718133	2.05025493716338
0.0598385650224215	2.04938475336323
0.0597849462365591	2.04851612903226
0.0597314234556849	2.0476490599821
0.0596779964221825	2.04678354203936
0.0596246648793566	2.04591957104558
0.0595714285714286	2.04505714285714
0.0595182872435326	2.04419625334523
0.0594652406417112	2.04333689839572
0.0594122885129118	2.04247907390917
0.0593594306049822	2.04162277580071
0.0593066666666667	2.040768
0.0592539964476021	2.03991474245115
0.0592014196983141	2.03906299911269
0.0591489361702128	2.03821276595745
0.059096545615589	2.03736403897254
0.0590442477876106	2.03651681415929
0.0589920424403183	2.03567108753316
0.0589399293286219	2.03482685512368
0.0588879082082965	2.0339841129744
0.0588359788359788	2.03314285714286
0.058784140969163	2.03230308370044
0.0587323943661972	2.03146478873239
0.0586807387862797	2.03062796833773
0.0586291739894552	2.02979261862917
0.0585776997366111	2.0289587357331
0.0585263157894737	2.02812631578947
0.0584750219106047	2.0272953549518
0.0584238178633976	2.02646584938704
0.0583727034120735	2.02563779527559
0.0583216783216783	2.02481118881119
0.0582707423580786	2.02398602620087
0.0582198952879581	2.02316230366492
0.0581691368788143	2.02234001743679
0.0581184668989547	2.02151916376307
0.0580678851174935	2.02069973890339
0.0580173913043478	2.01988173913044
0.0579669852302346	2.0190651607298
0.0579166666666667	2.01825
0.0578664353859497	2.01743625325239
0.0578162911611785	2.01662391681109
0.0577662337662338	2.01581298701299
0.0577162629757785	2.01500346020761
0.057666378565255	2.01419533275713
0.0576165803108808	2.01338860103627
0.0575668679896462	2.01258326143227
0.0575172413793103	2.01177931034483
0.0574677002583979	2.01097674418605
0.0574182444061962	2.01017555938038
0.0573688736027515	2.00937575236457
0.057319587628866	2.00857731958763
0.0572703862660944	2.00778025751073
0.057221269296741	2.0069845626072
0.057172236503856	2.00619023136247
0.0571232876712329	2.00539726027397
0.0570744225834046	2.00460564585116
0.057025641025641	2.00381538461539
0.0569769427839453	2.00302647309991
0.0569283276450512	2.00223890784983
0.0568797953964194	2.001452685422
0.0568313458262351	2.00066780238501
0.0567829787234043	1.99988425531915
0.056734693877551	1.99910204081633
0.0566864910790144	1.99832115548003
0.0566383701188455	1.9975415959253
0.0565903307888041	1.99676335877863
0.0565423728813559	1.99598644067797
0.0564944961896698	1.99521083827265
0.0564467005076142	1.99443654822335
0.0563989856297549	1.99366356720203
0.0563513513513514	1.99289189189189
0.0563037974683544	1.99212151898734
0.056256323777403	1.99135244519393
0.0562089300758214	1.99058466722831
0.0561616161616162	1.98981818181818
0.0561143818334735	1.98905298570227
0.0560672268907563	1.98828907563025
0.0560201511335013	1.98752644836272
0.0559731543624161	1.98676510067114
0.0559262363788768	1.9860050293378
0.0558793969849246	1.98524623115578
0.0558326359832636	1.98448870292887
0.0557859531772575	1.98373244147157
0.0557393483709273	1.98297744360902
0.0556928213689483	1.98222370617696
0.0556463719766472	1.98147122602169
0.0556	1.98072
0.0555537052456286	1.97997002497918
0.0555074875207987	1.97922129783694
0.0554613466334165	1.97847381546135
0.0554152823920266	1.97772757475083
0.0553692946058091	1.97698257261411
0.0553233830845771	1.97623880597015
0.0552775476387738	1.97549627174814
0.0552317880794702	1.97475496688742
0.0551861042183623	1.97401488833747
0.0551404958677686	1.97327603305785
0.0550949628406276	1.97253839801817
0.055049504950495	1.97180198019802
0.0550041220115416	1.97106677658697
0.0549588138385502	1.97033278418451
0.0549135802469136	1.9696
0.0548684210526316	1.96886842105263
0.054823336072309	1.96813804437141
0.0547783251231527	1.96740886699507
0.0547333880229696	1.96668088597211
0.0546885245901639	1.96595409836066
0.0546437346437346	1.9652285012285
0.0545990180032733	1.96450409165303
0.0545543744889616	1.96378086672118
0.0545098039215686	1.96305882352941
0.054465306122449	1.96233795918367
0.05442088091354	1.96161827079935
0.0543765281173594	1.96089975550122
0.0543322475570033	1.96018241042345
0.0542880390561432	1.95946623270952
0.0542439024390244	1.9587512195122
0.054199837530463	1.9580373679935
0.0541558441558442	1.95732467532468
0.0541119221411192	1.95661313868613
0.0540680713128039	1.95590275526742
0.0540242914979757	1.95519352226721
0.0539805825242718	1.9544854368932
0.0539369442198868	1.95377849636217
0.0538933764135703	1.95307269789984
0.0538498789346247	1.95236803874092
0.0538064516129032	1.95166451612903
0.0537630942788074	1.95096212731668
0.053719806763285	1.95026086956522
0.0536765888978278	1.94956074014481
0.0536334405144695	1.94886173633441
0.0535903614457831	1.94816385542169
0.0535473515248796	1.94746709470305
0.053504410585405	1.94677145148356
0.0534615384615385	1.94607692307692
0.0534187349879904	1.94538350680544
0.053376	1.9446912
0.0533333333333333	1.944
0.0532907348242812	1.94330990415336
0.0532482043096568	1.94262090981644
0.0532057416267943	1.94193301435407
0.0531633466135458	1.94124621513944
0.0531210191082803	1.94056050955414
0.0530787589498807	1.93987589498807
0.0530365659777424	1.93919236883943
0.0529944400317712	1.93850992851469
0.052952380952381	1.93782857142857
0.0529103885804917	1.93714829500397
0.0528684627575277	1.93646909667195
0.0528266033254157	1.93579097387173
0.0527848101265823	1.93511392405063
0.0527430830039526	1.93443794466403
0.0527014218009479	1.93376303317536
0.0526598263614838	1.93308918705604
0.0526182965299685	1.93241640378549
0.0525768321513002	1.93174468085106
0.0525354330708661	1.93107401574803
0.0524940991345397	1.93040440597954
0.0524528301886792	1.9297358490566
0.0524116260801257	1.92906834249804
0.0523704866562009	1.92840188383046
0.0523294117647059	1.92773647058824
0.0522884012539185	1.92707210031348
0.052247454972592	1.92640877055599
0.0522065727699531	1.92574647887324
0.0521657544956998	1.92508522283034
0.052125	1.924425
0.0520843091334895	1.92376580796253
0.0520436817472699	1.92310764430577
0.0520031176929072	1.9224505066251
0.0519626168224299	1.92179439252336
0.0519221789883269	1.9211392996109
0.0518818040435459	1.92048522550544
0.0518414918414918	1.91983216783217
0.0518012422360248	1.9191801242236
0.0517610550814585	1.91852909231963
0.0517209302325581	1.91787906976744
0.0516808675445391	1.91723005422153
0.051640866873065	1.91658204334365
0.0516009280742459	1.91593503480278
0.0515610510046368	1.91528902627512
0.0515212355212355	1.91464401544402
0.0514814814814815	1.914
0.0514417887432537	1.91335697764071
0.051402157164869	1.91271494607088
0.0513625866050808	1.91207390300231
0.0513230769230769	1.91143384615385
0.0512836279784781	1.91079477325135
0.0512442396313364	1.91015668202765
0.0512049117421335	1.90951957022256
0.0511656441717791	1.90888343558282
0.0511264367816092	1.90824827586207
0.0510872894333844	1.90761408882083
0.0510482019892884	1.90698087222647
0.0510091743119266	1.90634862385321
0.0509702062643239	1.90571734148205
0.0509312977099237	1.90508702290076
0.0508924485125858	1.90445766590389
0.0508536585365854	1.90382926829268
0.0508149276466108	1.9032018278751
0.0507762557077626	1.90257534246575
0.0507376425855513	1.90194980988593
0.0506990881458967	1.90132522796353
0.0506605922551253	1.90070159453303
0.0506221547799697	1.90007890743551
0.0505837755875663	1.89945716451858
0.0505454545454545	1.89883636363636
0.0505071915215746	1.89821650264951
0.0504689863842663	1.89759757942511
0.0504308390022676	1.89697959183674
0.050392749244713	1.89636253776435
0.0503547169811321	1.89574641509434
0.050316742081448	1.89513122171946
0.0502788244159759	1.89451695553881
0.0502409638554217	1.89390361445783
0.0502031602708804	1.89329119638826
0.0501654135338346	1.89267969924812
0.0501277235161533	1.89206912096168
0.0500900900900901	1.89145945945946
0.0500525131282821	1.89085071267817
0.0500149925037481	1.89024287856072
0.0499775280898876	1.88963595505618
0.049940119760479	1.88902994011976
0.0499027673896784	1.88842483171279
0.0498654708520179	1.88782062780269
0.0498282300224048	1.88721732636296
0.0497910447761194	1.88661492537314
0.0497539149888143	1.88601342281879
0.0497168405365127	1.88541281669151
0.0496798212956069	1.88481310498883
0.0496428571428571	1.88421428571429
0.0496059479553903	1.88361635687732
0.0495690936106984	1.88301931649331
0.049532293986637	1.88242316258352
0.0494955489614243	1.88182789317507
0.0494588584136397	1.88123350630096
0.0494222222222222	1.88064
0.0493856402664693	1.8800473723168
0.0493491124260355	1.87945562130178
0.0493126385809313	1.87886474501109
0.0492762186115214	1.87827474150665
0.049239852398524	1.87768560885609
0.0492035398230089	1.87709734513274
0.0491672807663965	1.87650994841562
0.0491310751104566	1.8759234167894
0.0490949227373068	1.87533774834437
0.0490588235294118	1.87475294117647
0.0490227773695812	1.87416899338722
0.0489867841409692	1.8735859030837
0.0489508437270726	1.87300366837858
0.0489149560117302	1.87242228739003
0.0488791208791209	1.87184175824176
0.0488433382137628	1.87126207906296
0.0488076079005121	1.8706832479883
0.0487719298245614	1.8701052631579
0.048736303871439	1.86952812271731
0.0487007299270073	1.86895182481752
0.0486652078774617	1.86837636761488
0.0486297376093294	1.86780174927114
0.0485943190094683	1.86722796795339
0.0485589519650655	1.86665502183406
0.0485236363636364	1.86608290909091
0.0484883720930233	1.86551162790698
0.0484531590413943	1.86494117647059
0.0484179970972424	1.86437155297533
0.0483828861493836	1.86380275562001
0.0483478260869565	1.8632347826087
0.0483128167994207	1.86266763215062
0.0482778581765557	1.8621013024602
0.0482429501084599	1.86153579175705
0.0482080924855491	1.8609710982659
0.048173285198556	1.86040722021661
0.0481385281385281	1.85984415584416
0.0481038211968277	1.85928190338861
0.0480691642651297	1.8587204610951
0.0480345572354212	1.85815982721382
0.048	1.8576
0.0479654924514738	1.85704097771388
0.0479310344827586	1.85648275862069
0.0478966259870782	1.85592534099067
0.0478622668579627	1.855368723099
0.0478279569892473	1.85481290322581
0.0477936962750716	1.85425787965616
0.0477594846098783	1.85370365068003
0.047725321888412	1.85315021459228
0.0476912080057184	1.85259756969264
0.0476571428571429	1.85204571428571
0.0476231263383298	1.85149464668094
0.0475891583452211	1.85094436519258
0.0475552387740556	1.8503948681397
0.0475213675213675	1.84984615384615
0.0474875444839858	1.84929822064057
0.0474537695590327	1.84875106685633
0.0474200426439232	1.84820469083156
0.0473863636363636	1.84765909090909
0.0473527324343506	1.84711426543648
0.0473191489361702	1.84657021276596
0.0472856130403969	1.84602693125443
0.0472521246458924	1.84548441926346
0.0472186836518047	1.84494267515924
0.0471852899575672	1.84440169731259
0.0471519434628975	1.84386148409894
0.0471186440677966	1.84332203389831
0.0470853916725476	1.84278334509527
0.0470521861777151	1.84224541607899
0.0470190274841438	1.84170824524313
0.0469859154929577	1.84117183098592
0.0469528501055595	1.84063617171006
0.0469198312236287	1.84010126582279
0.0468868587491216	1.83956711173577
0.0468539325842697	1.83903370786517
0.046821052631579	1.83850105263158
0.0467882187938289	1.83796914446003
0.0467554309740715	1.83743798177996
0.0467226890756302	1.83690756302521
0.0466899930020994	1.83637788663401
0.0466573426573427	1.83584895104895
0.0466247379454927	1.83532075471698
0.0465921787709497	1.83479329608939
0.046559665038381	1.83426657362177
0.0465271966527197	1.83374058577406
0.0464947735191638	1.83321533101045
0.0464623955431755	1.83269080779944
0.0464300626304802	1.83216701461378
0.0463977746870654	1.83164394993046
0.04636553161918	1.83112161223072
0.0463333333333333	1.8306
0.0463011797362942	1.83007911172797
0.0462690707350902	1.82955894590846
0.0462370062370062	1.8290395010395
0.0462049861495845	1.82852077562327
0.0461730103806228	1.82800276816609
0.0461410788381743	1.82748547717842
0.046109191430546	1.82696890117485
0.0460773480662984	1.82645303867403
0.0460455486542443	1.82593788819876
0.0460137931034483	1.82542344827586
0.0459820813232254	1.82490971743625
0.0459504132231405	1.82439669421488
0.0459187887130076	1.82388437715072
0.0458872077028886	1.8233727647868
0.0458556701030928	1.8228618556701
0.0458241758241758	1.82235164835165
0.0457927247769389	1.82184214138641
0.045761316872428	1.82133333333333
0.0457299520219328	1.82082522275531
0.0456986301369863	1.82031780821918
0.0456673511293635	1.81981108829569
0.0456361149110807	1.81930506155951
0.0456049213943951	1.8187997265892
0.0455737704918033	1.81829508196721
0.045542662116041	1.81779112627986
0.0455115961800819	1.81728785811733
0.045480572597137	1.81678527607362
0.045449591280654	1.81628337874659
0.0454186521443159	1.81578216473792
0.0453877551020408	1.81528163265306
0.045356900067981	1.81478178110129
0.0453260869565217	1.81428260869565
0.0452953156822811	1.81378411405295
0.0452645861601085	1.81328629579376
0.0452338983050847	1.81278915254237
0.0452032520325203	1.81229268292683
0.0451726472579553	1.81179688557888
0.0451420838971583	1.81130175913397
0.0451115618661258	1.81080730223124
0.0450810810810811	1.81031351351351
0.045050641458474	1.80982039162728
0.0450202429149798	1.80932793522267
0.0449898853674983	1.80883614295347
0.0449595687331536	1.80834501347709
0.0449292929292929	1.80785454545455
0.0448990578734859	1.80736473755047
0.0448688634835239	1.80687558843309
0.0448387096774194	1.80638709677419
0.044808596373405	1.80589926124916
0.0447785234899329	1.80541208053691
0.044748490945674	1.80492555331992
0.0447184986595174	1.80443967828418
0.0446885465505693	1.80395445411922
0.0446586345381526	1.80346987951807
0.044628762541806	1.80298595317726
0.0445989304812834	1.80250267379679
0.0445691382765531	1.80202004008016
0.0445393858477971	1.80153805073431
0.0445096731154103	1.80105670446965
0.04448	1.800576
0.0444503664223851	1.80009593604264
0.0444207723035952	1.79961651131824
0.0443912175648703	1.7991377245509
0.0443617021276596	1.79865957446809
0.0443322259136213	1.79818205980066
0.0443027888446215	1.79770517928287
0.0442733908427339	1.79722893165229
0.0442440318302387	1.79675331564987
0.0442147117296223	1.79627833001988
0.0441854304635762	1.79580397350993
0.0441561879549967	1.79533024487095
0.0441269841269841	1.79485714285714
0.044097818902842	1.79438466622604
0.0440686922060766	1.79391281373844
0.044039603960396	1.79344158415842
0.0440105540897098	1.7929709762533
0.0439815425181279	1.79250098879367
0.0439525691699605	1.79203162055336
0.0439236339697169	1.79156287030941
0.0438947368421053	1.79109473684211
0.0438658777120316	1.79062721893491
0.0438370565045992	1.79016031537451
0.0438082731451083	1.78969402495076
0.0437795275590551	1.78922834645669
0.0437508196721311	1.78876327868853
0.0437221494102228	1.78829882044561
0.0436935166994106	1.78783497053045
0.0436649214659686	1.78737172774869
0.0436363636363636	1.78690909090909
0.0436078431372549	1.78644705882353
0.0435793598954931	1.78598563030699
0.0435509138381201	1.78552480417755
0.0435225048923679	1.78506457925636
0.0434941329856584	1.78460495436767
0.0434657980456026	1.78414592833876
0.0434375	1.7836875
0.043409238776838	1.78322966818478
0.0433810143042913	1.78277243172952
0.0433528265107212	1.78231578947368
0.0433246753246753	1.78185974025974
0.0432965606748864	1.78140428293316
0.0432684824902724	1.78094941634241
0.0432404406999352	1.78049513933895
0.0432124352331606	1.7800414507772
0.0431844660194175	1.77958834951456
0.0431565329883571	1.77913583441138
0.0431286360698125	1.77868390433096
0.0431007751937985	1.77823255813954
0.04307295029051	1.77778179470626
0.0430451612903226	1.77733161290323
0.0430174081237911	1.77688201160542
0.0429896907216495	1.77643298969072
0.04296200901481	1.77598454603992
0.0429343629343629	1.77553667953668
0.0429067524115756	1.77508938906752
0.042879177377892	1.77464267352185
0.0428516377649326	1.77419653179191
0.0428241335044929	1.77375096277279
0.0427966645285439	1.77330596536241
0.0427692307692308	1.77286153846154
0.0427418321588725	1.77241768097374
0.0427144686299616	1.77197439180538
0.0426871401151631	1.77153166986564
0.0426598465473146	1.7710895140665
0.0426325878594249	1.77064792332268
0.0426053639846743	1.77020689655172
0.0425781748564135	1.7697664326739
0.0425510204081633	1.76932653061225
0.0425239005736138	1.76888718929254
0.0424968152866242	1.76844840764331
0.0424697644812222	1.7680101845958
0.0424427480916031	1.76757251908397
0.0424157660521297	1.7671354100445
0.0423888182973316	1.76669885641677
0.0423619047619048	1.76626285714286
0.0423350253807107	1.76582741116751
0.0423081800887762	1.76539251743817
0.0422813688212928	1.76495817490494
0.0422545915136162	1.76452438252058
0.0422278481012658	1.76409113924051
0.0422011385199241	1.76365844402277
0.0421744627054362	1.76322629582807
0.0421478205938092	1.76279469361971
0.0421212121212121	1.76236363636364
0.0420946372239748	1.76193312302839
0.0420680958385876	1.76150315258512
0.0420415879017013	1.76107372400756
0.0420151133501259	1.76064483627204
0.0419886721208307	1.76021648835746
0.0419622641509434	1.75978867924528
0.0419358893777498	1.75936140791955
0.0419095477386935	1.75893467336683
0.0418832391713748	1.75850847457627
0.0418569636135508	1.75808281053952
0.0418307210031348	1.75765768025078
0.0418045112781955	1.75723308270677
0.0417783343769568	1.7568090169067
0.0417521902377972	1.75638548185232
0.0417260787992495	1.75596247654784
0.0417	1.75554
0.0416739537788882	1.75511805121799
0.0416479400749064	1.75469662921348
0.041621958827199	1.75427573300062
0.0415960099750623	1.75385536159601
0.0415700934579439	1.75343551401869
0.0415442092154421	1.75301618929016
0.0415183571873055	1.75259738643435
0.0414925373134328	1.75217910447761
0.041466749533872	1.75176134244873
0.0414409937888199	1.75134409937888
0.041415270018622	1.75092737430168
0.0413895781637717	1.7505111662531
0.0413639181649101	1.75009547427154
0.0413382899628253	1.74968029739777
0.041312693498452	1.74926563467492
0.0412871287128713	1.74885148514852
0.0412615955473098	1.74843784786642
0.0412360939431397	1.74802472187886
0.0412106238418777	1.74761210623842
0.0411851851851852	1.7472
0.0411597779148674	1.74678840222085
0.041134401972873	1.74637731196054
0.0411090573012939	1.74596672828096
0.0410837438423645	1.74555665024631
0.0410584615384615	1.74514707692308
0.0410332103321033	1.74473800738007
0.0410079901659496	1.74432944068838
0.040982800982801	1.74392137592138
0.0409576427255985	1.7435138121547
0.0409325153374233	1.74310674846626
0.040907418761496	1.74270018393624
0.0408823529411765	1.74229411764706
0.0408573178199633	1.74188854868341
0.0408323133414933	1.74148347613219
0.0408073394495413	1.74107889908257
0.0407823960880196	1.74067481662592
0.0407574832009774	1.74027122785583
0.0407326007326007	1.73986813186813
0.0407077486272117	1.73946552776083
0.0406829268292683	1.73906341463415
0.0406581352833638	1.73866179159049
0.0406333739342266	1.73826065773447
0.0406086427267194	1.73786001217285
0.0405839416058394	1.7374598540146
0.0405592705167173	1.73706018237082
0.0405346294046173	1.7366609963548
0.0405100182149362	1.73626229508197
0.0404854368932039	1.7358640776699
0.0404608853850819	1.73546634323833
0.0404363636363636	1.73506909090909
0.040411871592974	1.73467231980618
0.0403874092009685	1.73427602905569
0.0403629764065336	1.73388021778584
0.0403385731559855	1.73348488512697
0.0403141993957704	1.73309003021148
0.0402898550724638	1.73269565217391
0.0402655401327701	1.73230175015088
0.0402412545235223	1.73190832328106
0.0402169981916817	1.73151537070524
0.0401927710843374	1.73112289156627
0.0401685731487056	1.73073088500903
0.04014440433213	1.73033935018051
0.0401202645820806	1.72994828622971
0.0400961538461538	1.72955769230769
0.0400720720720721	1.72916756756757
0.0400480192076831	1.72877791116447
0.0400239952009598	1.72838872225555
0.04	1.728
0	1.08
